##############################################################################
# ProQ3 result file
# Generated from https://proq3.bioinfo.se at 2022-05-08 17:42:36 CEST
# Options for Proq3: ['-r', 'yes', '-deep', 'yes', '-k', 'yes', '-quality', 'sscore', '-output_pdbs', 'yes']
# Total request time: 10026.7 seconds.
# Number of finished models: 1
##############################################################################

# Global scores
#      Model       ProQ2D  ProQRosCenD   ProQRosFAD       ProQ3D
      model_0     0.100167     0.052727     0.077782     0.079429

# Local scores

# Model 0
ProQ2D ProQRosCenD ProQRosFAD ProQ3D
4.627118954658726580e-08 1.200997066916897893e-04 7.996799424290657043e-03 9.249624213225615676e-07
1.015411385196784977e-06 5.537946126423776150e-04 8.823060430586338043e-03 6.245850840969069395e-07
1.364287221804261208e-03 8.857930661179125309e-04 1.008913852274417877e-02 2.251687692478299141e-03
1.729610259644687176e-03 8.867219439707696438e-04 1.362234726548194885e-02 1.099511631764471531e-03
1.172978314571082592e-03 8.554701344110071659e-04 1.473861653357744217e-02 1.062755240127444267e-03
3.771863994188606739e-04 7.038848707452416420e-04 1.037481240928173065e-02 3.659737703856080770e-04
3.256437776144593954e-04 7.225526496767997742e-04 1.478780433535575867e-02 4.733857058454304934e-04
4.016952298115938902e-04 1.557198702357709408e-03 1.594136841595172882e-02 7.317627314478158951e-04
4.728593921754509211e-04 1.673658960498869419e-03 1.603018492460250854e-02 1.097104744985699654e-03
5.190794472582638264e-04 1.756704528816044331e-03 1.644586957991123199e-02 8.744510123506188393e-04
1.564779900945723057e-03 1.325493794865906239e-03 1.208407711237668991e-02 2.484827069565653801e-03
5.873521324247121811e-03 1.733659883029758930e-03 1.436055265367031097e-02 2.513848943635821342e-03
8.978820405900478363e-03 4.895939026027917862e-03 2.046377956867218018e-02 4.201517440378665924e-03
2.125585824251174927e-02 1.084000337868928909e-02 3.980783373117446899e-02 7.771871984004974365e-03
3.957518190145492554e-02 7.728927303105592728e-03 4.157839715480804443e-02 8.047593757510185242e-03
6.334412842988967896e-02 1.325056795030832291e-02 3.492602333426475525e-02 1.015107985585927963e-02
7.039238512516021729e-02 1.398647204041481018e-02 3.151448443531990051e-02 6.738147232681512833e-03
9.937447309494018555e-02 2.349591441452503204e-02 4.564579203724861145e-02 1.133094169199466705e-02
1.257235258817672729e-01 3.326923400163650513e-02 6.414546072483062744e-02 1.696995832026004791e-02
8.930923789739608765e-02 4.725804179906845093e-02 6.589245051145553589e-02 1.686721295118331909e-02
1.064380630850791931e-01 4.031483829021453857e-02 7.439506798982620239e-02 2.773113921284675598e-02
1.319164782762527466e-01 8.306201547384262085e-02 1.031453832983970642e-01 3.782020136713981628e-02
1.177298650145530701e-01 1.252422332763671875e-01 1.410005986690521240e-01 4.658115655183792114e-02
1.098819226026535034e-01 1.484505683183670044e-01 1.955582946538925171e-01 6.577589362859725952e-02
1.329482644796371460e-01 1.049231812357902527e-01 1.692741513252258301e-01 1.024578437209129333e-01
1.595382839441299438e-01 8.169488608837127686e-02 1.479606777429580688e-01 9.644109755754470825e-02
1.221420541405677795e-01 9.369193017482757568e-02 2.016085535287857056e-01 9.361306577920913696e-02
1.137045174837112427e-01 8.561588823795318604e-02 1.913412213325500488e-01 9.100393205881118774e-02
1.461517959833145142e-01 9.155558794736862183e-02 1.871825903654098511e-01 1.164069250226020813e-01
1.516111940145492554e-01 1.078436523675918579e-01 1.946611255407333374e-01 1.170867756009101868e-01
1.683202832937240601e-01 1.142084896564483643e-01 1.910461336374282837e-01 9.925895929336547852e-02
1.179960966110229492e-01 8.703424781560897827e-02 1.463072597980499268e-01 9.520032256841659546e-02
8.697603642940521240e-02 6.563101708889007568e-02 1.347477883100509644e-01 6.869170069694519043e-02
1.020502522587776184e-01 7.501401752233505249e-02 1.187473088502883911e-01 7.892055064439773560e-02
1.137455403804779053e-01 7.098973542451858521e-02 1.024912819266319275e-01 5.897353589534759521e-02
9.511660784482955933e-02 9.142548590898513794e-02 1.355397105216979980e-01 6.703756749629974365e-02
1.032188534736633301e-01 6.722885370254516602e-02 1.172145307064056396e-01 7.015942037105560303e-02
1.112439855933189392e-01 7.485607266426086426e-02 1.041085869073867798e-01 6.229261681437492371e-02
9.278482943773269653e-02 6.692066788673400879e-02 9.472855925559997559e-02 6.314076483249664307e-02
8.442780375480651855e-02 6.086322665214538574e-02 8.634811639785766602e-02 6.379917263984680176e-02
5.703696981072425842e-02 4.677161201834678650e-02 6.902249902486801147e-02 4.554863646626472473e-02
4.420114681124687195e-02 4.317894950509071350e-02 7.252866774797439575e-02 3.305288404226303101e-02
4.880320653319358826e-02 4.463797435164451599e-02 6.497527658939361572e-02 3.369336947798728943e-02
4.382852837443351746e-02 5.220351740717887878e-02 7.411526888608932495e-02 3.728358820080757141e-02
4.724960774183273315e-02 4.575834423303604126e-02 7.153706997632980347e-02 5.167983099818229675e-02
5.465502664446830750e-02 4.323279485106468201e-02 7.886001467704772949e-02 4.841809347271919250e-02
4.010315984487533569e-02 3.588392958045005798e-02 7.889685779809951782e-02 4.360609874129295349e-02
3.123277053236961365e-02 3.258110955357551575e-02 7.223945111036300659e-02 5.339273810386657715e-02
3.332380205392837524e-02 2.613812126219272614e-02 7.128094136714935303e-02 5.529734864830970764e-02
3.127723187208175659e-02 2.968951500952243805e-02 7.349006086587905884e-02 5.149907618761062622e-02
4.131599143147468567e-02 2.635756693780422211e-02 4.851140826940536499e-02 6.167870759963989258e-02
3.826753422617912292e-02 2.624129131436347961e-02 6.271571666002273560e-02 6.470879167318344116e-02
3.584797307848930359e-02 3.243801370263099670e-02 6.549619883298873901e-02 6.351091712713241577e-02
3.732647746801376343e-02 3.555610403418540955e-02 7.449904084205627441e-02 6.738704442977905273e-02
4.087177664041519165e-02 4.881257191300392151e-02 8.254162967205047607e-02 9.382334351539611816e-02
5.328693985939025879e-02 3.635908663272857666e-02 6.950733810663223267e-02 5.114586278796195984e-02
4.678173363208770752e-02 3.940838947892189026e-02 8.539176732301712036e-02 4.064960405230522156e-02
5.320786312222480774e-02 5.239063128829002380e-02 8.556406944990158081e-02 5.501665547490119934e-02
4.074050113558769226e-02 4.736484959721565247e-02 8.810147643089294434e-02 4.586857929825782776e-02
4.035491868853569031e-02 3.218021243810653687e-02 7.018012553453445435e-02 5.561453104019165039e-02
2.778592146933078766e-02 3.955407440662384033e-02 8.829871565103530884e-02 6.384497135877609253e-02
3.186825662851333618e-02 2.638433128595352173e-02 7.721725851297378540e-02 5.139637365937232971e-02
3.475325554609298706e-02 4.500710591673851013e-02 1.017591282725334167e-01 6.374673545360565186e-02
3.264902159571647644e-02 5.086999014019966125e-02 1.069933027029037476e-01 6.062491983175277710e-02
3.833647444844245911e-02 3.867237269878387451e-02 7.694808393716812134e-02 4.436255991458892822e-02
3.116730600595474243e-02 2.070962637662887573e-02 6.698751449584960938e-02 3.490401059389114380e-02
3.316535800695419312e-02 1.958354748785495758e-02 6.783843040466308594e-02 3.290781751275062561e-02
4.017708078026771545e-02 1.910038851201534271e-02 6.830993294715881348e-02 3.440143167972564697e-02
3.934241458773612976e-02 2.461800538003444672e-02 6.939032673835754395e-02 3.933350369334220886e-02
4.977000877261161804e-02 2.892405726015567780e-02 7.748997211456298828e-02 4.097607731819152832e-02
4.583333432674407959e-02 2.238593995571136475e-02 6.049282103776931763e-02 4.639978334307670593e-02
3.264875710010528564e-02 2.851310931146144867e-02 6.853358447551727295e-02 3.543591871857643127e-02
5.243933573365211487e-02 1.556060742586851120e-02 5.516457930207252502e-02 4.396123811602592468e-02
4.440226778388023376e-02 1.596766896545886993e-02 4.621135070919990540e-02 5.401644110679626465e-02
6.532083451747894287e-02 1.756294071674346924e-02 5.808116123080253601e-02 5.434432625770568848e-02
7.722920179367065430e-02 1.591931656002998352e-02 5.979125201702117920e-02 5.652217939496040344e-02
6.591567397117614746e-02 2.835287339985370636e-02 5.022546276450157166e-02 6.924337893724441528e-02
8.555998653173446655e-02 4.781192541122436523e-02 7.174012809991836548e-02 7.267393916845321655e-02
8.992876112461090088e-02 3.718226775527000427e-02 8.388124406337738037e-02 7.187050580978393555e-02
8.286976069211959839e-02 3.543397784233093262e-02 8.245377987623214722e-02 7.631951570510864258e-02
7.900873571634292603e-02 4.095407202839851379e-02 6.317572295665740967e-02 6.639921665191650391e-02
8.426837623119354248e-02 3.248815238475799561e-02 4.507313668727874756e-02 5.464543402194976807e-02
9.756646305322647095e-02 3.528205677866935730e-02 5.169601738452911377e-02 7.965878397226333618e-02
9.706926345825195312e-02 4.378744959831237793e-02 7.951836287975311279e-02 7.218027859926223755e-02
1.096039637923240662e-01 4.729333147406578064e-02 8.366285264492034912e-02 9.281022101640701294e-02
1.354147195816040039e-01 6.143554672598838806e-02 1.121363863348960876e-01 1.043709218502044678e-01
1.473297923803329468e-01 8.491779118776321411e-02 1.464102119207382202e-01 1.191267222166061401e-01
1.513541936874389648e-01 7.686451822519302368e-02 1.619793027639389038e-01 9.511722624301910400e-02
1.363411098718643188e-01 6.932933628559112549e-02 1.371141821146011353e-01 8.009043335914611816e-02
1.451970934867858887e-01 7.681906223297119141e-02 1.519602686166763306e-01 9.630069881677627563e-02
1.553838402032852173e-01 9.106441587209701538e-02 1.490615606307983398e-01 6.849721819162368774e-02
1.700479239225387573e-01 7.023598253726959229e-02 1.541359126567840576e-01 7.351246476173400879e-02
1.221244037151336670e-01 3.029206767678260803e-02 1.114164143800735474e-01 7.564945518970489502e-02
1.119732484221458435e-01 2.498682402074337006e-02 7.806934416294097900e-02 9.139525145292282104e-02
1.095997020602226257e-01 2.851477265357971191e-02 6.249267607927322388e-02 7.727178931236267090e-02
9.109278023242950439e-02 3.186017274856567383e-02 6.437197327613830566e-02 5.130335688591003418e-02
9.642389416694641113e-02 3.322046622633934021e-02 4.885812103748321533e-02 7.297836989164352417e-02
1.014145836234092712e-01 3.853057324886322021e-02 5.821275338530540466e-02 6.102654337882995605e-02
1.000380888581275940e-01 3.092717379331588745e-02 5.297528952360153198e-02 6.758479773998260498e-02
1.432573497295379639e-01 2.712506614625453949e-02 6.163322925567626953e-02 8.762002736330032349e-02
1.243554055690765381e-01 2.028865553438663483e-02 5.323671177029609680e-02 9.449320286512374878e-02
1.473164707422256470e-01 2.091682702302932739e-02 4.705627635121345520e-02 8.181926608085632324e-02
1.404407322406768799e-01 2.075515687465667725e-02 5.660647153854370117e-02 7.163366675376892090e-02
1.371392458677291870e-01 2.089432440698146820e-02 5.180079489946365356e-02 4.548049345612525940e-02
1.078314036130905151e-01 2.422823756933212280e-02 4.603722319006919861e-02 3.703169152140617371e-02
7.990130037069320679e-02 3.284148499369621277e-02 6.111219152808189392e-02 4.346787929534912109e-02
5.464112386107444763e-02 2.742210775613784790e-02 4.932991042733192444e-02 4.717506840825080872e-02
1.059950664639472961e-01 2.545522153377532959e-02 4.587632417678833008e-02 6.438075006008148193e-02
7.679101079702377319e-02 2.202656678855419159e-02 3.320674970746040344e-02 4.741649329662322998e-02
1.033586561679840088e-01 1.883597671985626221e-02 4.150229692459106445e-02 6.324032694101333618e-02
1.061573699116706848e-01 3.074100613594055176e-02 6.583815813064575195e-02 6.941623985767364502e-02
1.062445193529129028e-01 3.860715404152870178e-02 7.257007062435150146e-02 6.619006395339965820e-02
1.065098270773887634e-01 3.973026201128959656e-02 8.257070183753967285e-02 7.918911427259445190e-02
9.167110174894332886e-02 2.492094784975051880e-02 4.411520808935165405e-02 6.297907978296279907e-02
6.203007325530052185e-02 1.442174892872571945e-02 3.123675286769866943e-02 4.615520313382148743e-02
3.426815196871757507e-02 1.563109830021858215e-02 2.823322266340255737e-02 2.460250072181224823e-02
2.575064636766910553e-02 3.334429115056991577e-02 4.388009384274482727e-02 2.982373535633087158e-02
5.996752902865409851e-02 3.761383891105651855e-02 6.478169560432434082e-02 4.076691716909408569e-02
1.040152683854103088e-01 3.499068319797515869e-02 7.107582688331604004e-02 5.907579138875007629e-02
9.967272728681564331e-02 5.562120676040649414e-02 8.012790977954864502e-02 5.377152934670448303e-02
7.257716357707977295e-02 5.378523841500282288e-02 5.563032254576683044e-02 2.737039513885974884e-02
6.847953796386718750e-02 3.492000326514244080e-02 5.752687901258468628e-02 4.849281162023544312e-02
1.214192658662796021e-01 5.107114836573600769e-02 7.038873434066772461e-02 3.865033388137817383e-02
8.921831101179122925e-02 4.110156372189521790e-02 5.521163344383239746e-02 4.033366218209266663e-02
7.232759892940521240e-02 4.067131876945495605e-02 4.712577536702156067e-02 3.246098756790161133e-02
6.720001995563507080e-02 3.156619146466255188e-02 3.729889169335365295e-02 1.945712044835090637e-02
8.346522599458694458e-02 2.377634868025779724e-02 4.744355008006095886e-02 2.863612398505210876e-02
8.444516360759735107e-02 2.270115725696086884e-02 3.368627279996871948e-02 3.666703030467033386e-02
5.580171942710876465e-02 1.683454029262065887e-02 2.382577210664749146e-02 2.461733482778072357e-02
6.981350481510162354e-02 2.031822502613067627e-02 2.402880974113941193e-02 4.632196202874183655e-02
6.562591344118118286e-02 2.804753556847572327e-02 3.081420995295047760e-02 4.931855201721191406e-02
7.729812711477279663e-02 4.182844609022140503e-02 3.903579711914062500e-02 5.050119385123252869e-02
9.711997210979461670e-02 4.974855482578277588e-02 3.326225653290748596e-02 5.035356432199478149e-02
8.861166238784790039e-02 4.401431605219841003e-02 3.582010045647621155e-02 4.005219042301177979e-02
7.193850725889205933e-02 2.398633584380149841e-02 1.701874844729900360e-02 2.510480396449565887e-02
4.621847346425056458e-02 1.447886042296886444e-02 7.953603751957416534e-03 1.703898236155509949e-02
5.146798118948936462e-02 1.078752335160970688e-02 5.888591986149549484e-03 1.443356741219758987e-02
5.000071600079536438e-02 1.055290363729000092e-02 6.808811333030462265e-03 9.609025903046131134e-03
4.762919992208480835e-02 9.684067219495773315e-03 7.460890803486108780e-03 1.015247870236635208e-02
4.896547272801399231e-02 1.024529896676540375e-02 1.099912542849779129e-02 1.373211294412612915e-02
4.803944379091262817e-02 9.427472949028015137e-03 9.222893975675106049e-03 1.115384977310895920e-02
4.586493968963623047e-02 1.456148270517587662e-02 1.183080114424228668e-02 1.265133265405893326e-02
5.583687871694564819e-02 1.139295101165771484e-02 1.199347712099552155e-02 1.157819200307130814e-02
6.617852300405502319e-02 2.266022749245166779e-02 1.878555119037628174e-02 2.221942320466041565e-02
7.803374528884887695e-02 3.077857941389083862e-02 2.480913512408733368e-02 1.885265298187732697e-02
7.226221263408660889e-02 2.911780588328838348e-02 3.810731694102287292e-02 2.005741186439990997e-02
1.024598330259323120e-01 2.807229757308959961e-02 3.540269285440444946e-02 2.793886139988899231e-02
1.010645776987075806e-01 2.957932651042938232e-02 4.341357573866844177e-02 2.577387541532516479e-02
6.853493303060531616e-02 1.607898809015750885e-02 2.669989503920078278e-02 1.461824588477611542e-02
4.673608765006065369e-02 1.643393374979496002e-02 2.018842101097106934e-02 1.325191557407379150e-02
8.002818375825881958e-02 2.158157713711261749e-02 3.315009921789169312e-02 2.091611362993717194e-02
7.784646749496459961e-02 3.304427489638328552e-02 4.318631067872047424e-02 1.868216507136821747e-02
5.581552535295486450e-02 2.406893298029899597e-02 4.928083717823028564e-02 2.011010423302650452e-02
6.383992731571197510e-02 2.468374930322170258e-02 4.542661085724830627e-02 1.974971592426300049e-02
7.791802287101745605e-02 2.100236155092716217e-02 3.784633427858352661e-02 2.353456616401672363e-02
8.419751375913619995e-02 2.837247960269451141e-02 4.663596302270889282e-02 3.240488097071647644e-02
1.163457110524177551e-01 3.426475822925567627e-02 4.648751765489578247e-02 3.763098269701004028e-02
8.512873202562332153e-02 3.634701669216156006e-02 6.489423662424087524e-02 4.154076427221298218e-02
1.073538959026336670e-01 6.039636209607124329e-02 8.005820959806442261e-02 6.214200332760810852e-02
1.112297996878623962e-01 4.753440245985984802e-02 8.804054558277130127e-02 6.475688517093658447e-02
1.056412905454635620e-01 4.647256433963775635e-02 9.667228907346725464e-02 7.370942085981369019e-02
1.397974640130996704e-01 3.814290091395378113e-02 7.521259784698486328e-02 6.399316340684890747e-02
1.334980428218841553e-01 3.347061574459075928e-02 7.154358178377151489e-02 6.587123125791549683e-02
1.534390747547149658e-01 3.979183360934257507e-02 5.744618177413940430e-02 7.278144359588623047e-02
1.514392942190170288e-01 4.382156580686569214e-02 5.468096584081649780e-02 7.702303677797317505e-02
1.460616737604141235e-01 3.847822174429893494e-02 6.370111554861068726e-02 8.312793821096420288e-02
1.467047184705734253e-01 3.571770712733268738e-02 4.358424618840217590e-02 5.559573695063591003e-02
1.297558397054672241e-01 3.853326663374900818e-02 6.284863501787185669e-02 7.848980277776718140e-02
1.397731751203536987e-01 4.699251055717468262e-02 7.010374218225479126e-02 1.122212037444114685e-01
1.489664763212203979e-01 4.171779006719589233e-02 8.425772190093994141e-02 7.919611781835556030e-02
1.043014749884605408e-01 4.260964319109916687e-02 5.970084294676780701e-02 6.416405737400054932e-02
8.804567158222198486e-02 4.602533951401710510e-02 6.899480521678924561e-02 5.011740326881408691e-02
6.650634109973907471e-02 3.257652372121810913e-02 4.806360974907875061e-02 5.124465003609657288e-02
8.984056115150451660e-02 2.381443418562412262e-02 3.760709986090660095e-02 5.418032780289649963e-02
1.089304238557815552e-01 2.994401007890701294e-02 4.742541909217834473e-02 6.947851926088333130e-02
1.262372732162475586e-01 5.131448805332183838e-02 5.664754658937454224e-02 7.169376313686370850e-02
8.277007937431335449e-02 4.639700055122375488e-02 5.571090430021286011e-02 6.824240833520889282e-02
1.492554694414138794e-01 7.172948867082595825e-02 7.355833798646926880e-02 1.086056530475616455e-01
1.404430270195007324e-01 6.188244745135307312e-02 5.989928916096687317e-02 8.917008340358734131e-02
1.339011788368225098e-01 5.098527297377586365e-02 6.714238226413726807e-02 9.815818816423416138e-02
1.504225283861160278e-01 5.166777595877647400e-02 6.708770245313644409e-02 1.045933738350868225e-01
1.520256996154785156e-01 4.336813464760780334e-02 6.362538784742355347e-02 8.879906684160232544e-02
1.292645335197448730e-01 5.446698144078254700e-02 7.435641437768936157e-02 1.012675613164901733e-01
1.141206547617912292e-01 5.733074992895126343e-02 7.654771953821182251e-02 1.154633164405822754e-01
9.782570600509643555e-02 4.627165198326110840e-02 8.351990580558776855e-02 9.467846155166625977e-02
8.950417488813400269e-02 4.310222342610359192e-02 6.426362693309783936e-02 8.376824855804443359e-02
8.609212189912796021e-02 2.263906225562095642e-02 5.330788344144821167e-02 9.779873490333557129e-02
1.042557582259178162e-01 3.010614961385726929e-02 5.496096238493919373e-02 9.860537201166152954e-02
1.124041378498077393e-01 4.632381722331047058e-02 7.757592946290969849e-02 9.808818250894546509e-02
9.463559091091156006e-02 3.779536113142967224e-02 6.702999770641326904e-02 8.950170874595642090e-02
8.891879022121429443e-02 4.518632963299751282e-02 6.249788776040077209e-02 7.677324861288070679e-02
9.201782196760177612e-02 3.730164095759391785e-02 4.660105705261230469e-02 1.019678711891174316e-01
7.064081728458404541e-02 3.388797864317893982e-02 5.871742591261863708e-02 7.509687542915344238e-02
4.480921104550361633e-02 4.861887544393539429e-02 6.650330871343612671e-02 8.240211755037307739e-02
5.999875813722610474e-02 4.526878520846366882e-02 5.656553804874420166e-02 7.569073885679244995e-02
7.264682650566101074e-02 3.229359909892082214e-02 4.867854714393615723e-02 7.702940702438354492e-02
1.128190085291862488e-01 3.241872042417526245e-02 1.014145165681838989e-01 1.069389358162879944e-01
1.480054855346679688e-01 3.469750657677650452e-02 9.151413291692733765e-02 1.231410428881645203e-01
9.541829675436019897e-02 1.942452415823936462e-02 6.658339500427246094e-02 6.448008120059967041e-02
5.517933145165443420e-02 2.362773008644580841e-02 6.887453049421310425e-02 4.616689682006835938e-02
7.140629738569259644e-02 3.048803284764289856e-02 7.607502490282058716e-02 5.864861235022544861e-02
9.042974561452865601e-02 4.258438199758529663e-02 9.163954108953475952e-02 6.487312912940979004e-02
7.202397286891937256e-02 3.613466024398803711e-02 5.904556810855865479e-02 5.561499297618865967e-02
6.008879095315933228e-02 4.263272881507873535e-02 7.050815969705581665e-02 9.425477683544158936e-02
3.712565079331398010e-02 4.727842286229133606e-02 5.097358673810958862e-02 6.873962283134460449e-02
6.098266318440437317e-02 5.614999681711196899e-02 6.041280180215835571e-02 8.635828644037246704e-02
6.413970887660980225e-02 5.430988222360610962e-02 4.622852429747581482e-02 1.178237572312355042e-01
7.707504928112030029e-02 4.894785583019256592e-02 4.929532483220100403e-02 8.829003572463989258e-02
9.355514496564865112e-02 4.134772345423698425e-02 3.298092260956764221e-02 8.801644295454025269e-02
4.672406613826751709e-02 2.445669658482074738e-02 3.481346741318702698e-02 3.551772236824035645e-02
4.430312290787696838e-02 2.176300808787345886e-02 2.824679948389530182e-02 2.904937788844108582e-02
3.343570232391357422e-02 3.181121498346328735e-02 2.426603622734546661e-02 3.406295552849769592e-02
4.224508255720138550e-02 1.488902233541011810e-02 1.599130965769290924e-02 3.380168229341506958e-02
3.392913937568664551e-02 2.187701128423213959e-02 1.408821716904640198e-02 2.497560530900955200e-02
4.205004498362541199e-02 1.831450127065181732e-02 1.485750637948513031e-02 2.897508256137371063e-02
6.765729933977127075e-02 1.705473102629184723e-02 1.811130531132221222e-02 3.107782825827598572e-02
1.022779941558837891e-01 2.658292092382907867e-02 1.814033277332782745e-02 5.750348418951034546e-02
1.442323327064514160e-01 3.734587877988815308e-02 2.833872847259044647e-02 8.596096187829971313e-02
1.312040835618972778e-01 2.948680333793163300e-02 2.450993843376636505e-02 6.257881969213485718e-02
1.366157531738281250e-01 4.135325178503990173e-02 3.053290583193302155e-02 6.728045642375946045e-02
1.031152158975601196e-01 5.003449693322181702e-02 3.819064795970916748e-02 5.898752436041831970e-02
1.112451404333114624e-01 3.042834252119064331e-02 2.786383032798767090e-02 4.909293353557586670e-02
1.272506713867187500e-01 5.044500902295112610e-02 3.148962184786796570e-02 5.995821580290794373e-02
1.143160387873649597e-01 3.060252591967582703e-02 3.637504577636718750e-02 5.727091431617736816e-02
1.404828727245330811e-01 3.672040998935699463e-02 3.769703209400177002e-02 5.411077663302421570e-02
1.699998527765274048e-01 3.786754980683326721e-02 4.171118512749671936e-02 8.383329212665557861e-02
1.662849634885787964e-01 3.824608772993087769e-02 5.478376522660255432e-02 8.667846769094467163e-02
1.887133121490478516e-01 4.298703372478485107e-02 7.230532914400100708e-02 9.032089263200759888e-02
1.798223555088043213e-01 4.462857916951179504e-02 6.689223647117614746e-02 1.026882827281951904e-01
1.522901803255081177e-01 5.235292389988899231e-02 7.915153354406356812e-02 1.093777939677238464e-01
1.396762281656265259e-01 5.275545641779899597e-02 6.440069526433944702e-02 1.099456474184989929e-01
7.795558124780654907e-02 4.694372043013572693e-02 6.219650804996490479e-02 1.169944033026695251e-01
7.160918414592742920e-02 4.884712025523185730e-02 5.763589218258857727e-02 9.002097696065902710e-02
7.323038578033447266e-02 3.354331851005554199e-02 3.503352776169776917e-02 7.060143351554870605e-02
5.465814471244812012e-02 3.683547303080558777e-02 3.670234978199005127e-02 5.688414722681045532e-02
3.745360672473907471e-02 1.512005180120468140e-02 2.789032645523548126e-02 3.460393473505973816e-02
9.195248037576675415e-02 3.750522062182426453e-02 6.119230762124061584e-02 5.288444459438323975e-02
1.143712550401687622e-01 4.344758018851280212e-02 6.780933588743209839e-02 6.558664143085479736e-02
8.412922173738479614e-02 4.466327652335166931e-02 6.737738102674484253e-02 3.647958487272262573e-02
6.044120341539382935e-02 3.832073509693145752e-02 5.558045580983161926e-02 2.649560943245887756e-02
4.002051055431365967e-02 4.214078187942504883e-02 5.050974339246749878e-02 1.924272440373897552e-02
3.028643131256103516e-02 3.461540490388870239e-02 4.518816992640495300e-02 1.799258589744567871e-02
3.701017796993255615e-02 2.983046881854534149e-02 4.215757548809051514e-02 1.831784471869468689e-02
6.028366088867187500e-02 3.064812347292900085e-02 5.516552552580833435e-02 3.746302798390388489e-02
4.846812039613723755e-02 2.718306146562099457e-02 4.244641587138175964e-02 3.642812371253967285e-02
2.124466001987457275e-02 1.989537104964256287e-02 3.702970966696739197e-02 3.099531494081020355e-02
2.116923406720161438e-02 2.394102700054645538e-02 3.982207179069519043e-02 3.967374935746192932e-02
3.438457474112510681e-02 2.147227898240089417e-02 3.885848447680473328e-02 3.711492195725440979e-02
2.939707785844802856e-02 2.416550368070602417e-02 3.649282827973365784e-02 4.119388759136199951e-02
4.949383437633514404e-02 2.909496612846851349e-02 5.471252277493476868e-02 3.139846399426460266e-02
4.184509441256523132e-02 3.711823001503944397e-02 4.396521672606468201e-02 3.782025352120399475e-02
4.256042465567588806e-02 2.982519194483757019e-02 4.013410210609436035e-02 2.781126275658607483e-02
3.401480615139007568e-02 3.147917240858078003e-02 4.165503382682800293e-02 3.218581154942512512e-02
3.902449458837509155e-02 3.182049095630645752e-02 5.797596648335456848e-02 6.561473011970520020e-02
2.496967837214469910e-02 2.529284171760082245e-02 3.645369783043861389e-02 4.159554094076156616e-02
3.218902647495269775e-02 1.628032512962818146e-02 2.450950071215629578e-02 4.611227288842201233e-02
3.814284130930900574e-02 1.707687973976135254e-02 2.857968211174011230e-02 6.558776646852493286e-02
2.625072374939918518e-02 1.910241693258285522e-02 2.398473955690860748e-02 2.602099254727363586e-02
4.256305098533630371e-02 1.920288242399692535e-02 2.440102957189083099e-02 3.300021588802337646e-02
5.166048556566238403e-02 3.056336566805839539e-02 3.298806771636009216e-02 3.318927064538002014e-02
7.763914763927459717e-02 3.837507963180541992e-02 4.277103394269943237e-02 3.853173181414604187e-02
7.945223152637481689e-02 5.295779183506965637e-02 5.630929023027420044e-02 6.834884732961654663e-02
8.923712372779846191e-02 5.202881619334220886e-02 5.495350807905197144e-02 7.032861560583114624e-02
4.293684288859367371e-02 5.914723873138427734e-02 6.048052012920379639e-02 7.988911867141723633e-02
3.645935282111167908e-02 4.764761030673980713e-02 5.811063200235366821e-02 7.391888648271560669e-02
2.661846019327640533e-02 4.605347663164138794e-02 5.258399620652198792e-02 8.978460729122161865e-02
5.064250156283378601e-02 3.933153674006462097e-02 5.763654038310050964e-02 9.704408794641494751e-02
8.481522649526596069e-02 5.030804127454757690e-02 6.611416488885879517e-02 1.046252399682998657e-01
7.530006766319274902e-02 4.825526103377342224e-02 5.265314504504203796e-02 7.332666218280792236e-02
1.206389516592025757e-01 5.969037860631942749e-02 7.401330769062042236e-02 1.122413724660873413e-01
1.462110728025436401e-01 1.001744568347930908e-01 1.158634796738624573e-01 1.413863003253936768e-01
1.654396951198577881e-01 1.173826679587364197e-01 1.289586424827575684e-01 1.540329158306121826e-01
1.020912006497383118e-01 7.070176303386688232e-02 1.276458352804183960e-01 1.394770294427871704e-01
1.331615447998046875e-01 7.168915867805480957e-02 9.732452780008316040e-02 1.461037695407867432e-01
1.003096923232078552e-01 3.837447240948677063e-02 9.170283377170562744e-02 1.313421726226806641e-01
1.245090365409851074e-01 6.657025218009948730e-02 7.716187834739685059e-02 9.267573058605194092e-02
1.442037522792816162e-01 8.669109642505645752e-02 1.054896041750907898e-01 1.243801042437553406e-01
2.024413496255874634e-01 9.255410730838775635e-02 1.273241341114044189e-01 1.342043131589889526e-01
1.519152820110321045e-01 8.549250662326812744e-02 1.045624539256095886e-01 1.089693084359169006e-01
1.434203833341598511e-01 7.576717436313629150e-02 1.184755265712738037e-01 1.413699835538864136e-01
1.359300911426544189e-01 8.569194376468658447e-02 1.001940518617630005e-01 1.219408884644508362e-01
5.816951394081115723e-02 6.163288280367851257e-02 7.377899438142776489e-02 8.306236565113067627e-02
6.088164076209068298e-02 4.277008771896362305e-02 6.826167553663253784e-02 9.978928416967391968e-02
6.799644231796264648e-02 4.888315871357917786e-02 7.247346639633178711e-02 8.533104509115219116e-02
1.268882900476455688e-01 5.723299086093902588e-02 6.805180758237838745e-02 9.643860161304473877e-02
1.129074990749359131e-01 4.896139726042747498e-02 7.003132253885269165e-02 1.173262596130371094e-01
7.960727065801620483e-02 3.508319705724716187e-02 7.725965976715087891e-02 7.597526162862777710e-02
1.040772348642349243e-01 4.541682079434394836e-02 9.689106047153472900e-02 8.229527622461318970e-02
1.158260628581047058e-01 4.103064909577369690e-02 9.924218803644180298e-02 7.681420445442199707e-02
1.357464045286178589e-01 4.747100174427032471e-02 1.149432957172393799e-01 1.090178787708282471e-01
2.437859177589416504e-01 6.470542401075363159e-02 1.354424953460693359e-01 1.531728506088256836e-01
2.437304556369781494e-01 6.194685399532318115e-02 1.361907422542572021e-01 1.512079983949661255e-01
1.959523409605026245e-01 4.001604393124580383e-02 1.211883351206779480e-01 1.096298098564147949e-01
2.494201511144638062e-01 4.122496768832206726e-02 1.103875860571861267e-01 1.373856961727142334e-01
2.196573466062545776e-01 5.733468011021614075e-02 1.086223423480987549e-01 1.235748976469039917e-01
1.893437057733535767e-01 6.058846041560173035e-02 1.272104382514953613e-01 1.517871916294097900e-01
1.483128815889358521e-01 5.556052178144454956e-02 8.925071358680725098e-02 1.304800957441329956e-01
9.123213589191436768e-02 4.820536822080612183e-02 6.553946435451507568e-02 1.022504195570945740e-01
8.310953527688980103e-02 4.258831962943077087e-02 8.478590101003646851e-02 9.959278255701065063e-02
8.881598711013793945e-02 4.754748567938804626e-02 7.022860646247863770e-02 8.290281891822814941e-02
6.596130877733230591e-02 2.992836944758892059e-02 5.401150509715080261e-02 7.032287865877151489e-02
6.985902041196823120e-02 3.546407818794250488e-02 4.822929576039314270e-02 7.247161865234375000e-02
8.422403037548065186e-02 3.265417367219924927e-02 4.679764062166213989e-02 9.270326048135757446e-02
7.572015374898910522e-02 2.436449937522411346e-02 3.525156527757644653e-02 6.498940289020538330e-02
1.023844778537750244e-01 1.834136247634887695e-02 2.776541560888290405e-02 6.124551594257354736e-02
3.274378925561904907e-02 1.981950178742408752e-02 2.085221000015735626e-02 3.196649998426437378e-02
1.932450383901596069e-02 1.887347549200057983e-02 1.851682178676128387e-02 2.438106574118137360e-02
1.787570863962173462e-02 1.486226636916399002e-02 1.393813546746969223e-02 1.664317399263381958e-02
1.799151301383972168e-02 1.063214242458343506e-02 1.524753309786319733e-02 1.894683018326759338e-02
2.694579027593135834e-02 1.754635386168956757e-02 2.538866735994815826e-02 2.827516943216323853e-02
2.878974005579948425e-02 1.414448581635951996e-02 2.251068502664566040e-02 3.581503778696060181e-02
5.295166000723838806e-02 1.168934535235166550e-02 2.433782070875167847e-02 5.180680379271507263e-02
3.777404502034187317e-02 1.066931895911693573e-02 2.479015290737152100e-02 3.657265752553939819e-02
4.385416209697723389e-02 1.273283455520868301e-02 2.033721655607223511e-02 3.701537102460861206e-02
5.542962998151779175e-02 1.256985403597354889e-02 2.199699915945529938e-02 3.933137655258178711e-02
4.015277698636054993e-02 1.102312654256820679e-02 3.034738823771476746e-02 2.831730246543884277e-02
2.109499648213386536e-02 1.310014631599187851e-02 3.915594145655632019e-02 2.537217736244201660e-02
6.856844574213027954e-02 1.471729017794132233e-02 4.462186247110366821e-02 3.831229358911514282e-02
7.543905824422836304e-02 1.731633208692073822e-02 6.514726579189300537e-02 4.099150002002716064e-02
8.752869814634323120e-02 2.106401510536670685e-02 7.303501665592193604e-02 4.593303427100181580e-02
5.477650463581085205e-02 2.287180721759796143e-02 8.677133917808532715e-02 3.474395349621772766e-02
3.727788105607032776e-02 2.698339894413948059e-02 8.696120977401733398e-02 4.226388409733772278e-02
4.610604420304298401e-02 3.124036081135272980e-02 1.005698442459106445e-01 4.994497075676918030e-02
1.703440099954605103e-01 4.224636405706405640e-02 1.233993172645568848e-01 8.658314496278762817e-02
1.074134483933448792e-01 4.084602370858192444e-02 1.189419776201248169e-01 8.593803644180297852e-02
8.823265135288238525e-02 4.737244546413421631e-02 1.336903870105743408e-01 7.226639986038208008e-02
7.654201984405517578e-02 4.777852445840835571e-02 1.291154175996780396e-01 7.690463960170745850e-02
8.928548544645309448e-02 4.079429060220718384e-02 1.055274531245231628e-01 6.573362648487091064e-02
8.484897017478942871e-02 2.921097725629806519e-02 9.624069184064865112e-02 5.883327126502990723e-02
1.158435717225074768e-01 4.264788329601287842e-02 8.608124405145645142e-02 7.576607167720794678e-02
1.719031184911727905e-01 2.871368080377578735e-02 9.452695399522781372e-02 8.056964725255966187e-02
1.641421914100646973e-01 7.992324233055114746e-02 1.349216401576995850e-01 7.712671160697937012e-02
1.718115359544754028e-01 9.527111798524856567e-02 1.558823138475418091e-01 8.367907255887985229e-02
1.443766802549362183e-01 1.356819719076156616e-01 1.645356565713882446e-01 7.759782671928405762e-02
1.727880686521530151e-01 1.058648452162742615e-01 1.285907477140426636e-01 6.672932207584381104e-02
1.664752364158630371e-01 1.019176244735717773e-01 1.359358876943588257e-01 6.470310688018798828e-02
1.662914454936981201e-01 1.171486526727676392e-01 1.390460580587387085e-01 7.078454643487930298e-02
1.661927700042724609e-01 1.460844576358795166e-01 1.570999175310134888e-01 6.948232650756835938e-02
1.572902351617813110e-01 1.641614437103271484e-01 9.576260298490524292e-02 5.777187272906303406e-02
1.458191424608230591e-01 1.354852020740509033e-01 1.193182691931724548e-01 8.095294237136840820e-02
1.482861489057540894e-01 1.718385368585586548e-01 1.251166760921478271e-01 7.516518235206604004e-02
1.430173665285110474e-01 2.694584131240844727e-01 1.732859015464782715e-01 7.973399758338928223e-02
1.434704363346099854e-01 2.531137168407440186e-01 1.454676091670989990e-01 6.371737271547317505e-02
1.821683943271636963e-01 3.078083693981170654e-01 1.367304921150207520e-01 7.097153365612030029e-02
1.950355917215347290e-01 3.007691204547882080e-01 8.479361236095428467e-02 5.984229594469070435e-02
1.547578424215316772e-01 2.669821977615356445e-01 7.293689250946044922e-02 4.958362877368927002e-02
1.009384766221046448e-01 1.706550121307373047e-01 5.484149977564811707e-02 5.475627630949020386e-02
9.744209051132202148e-02 1.609774827957153320e-01 5.386203527450561523e-02 4.053069651126861572e-02
8.488470315933227539e-02 1.565464437007904053e-01 8.040422201156616211e-02 4.260183125734329224e-02
1.126657947897911072e-01 1.042669340968132019e-01 7.178470492362976074e-02 5.294887349009513855e-02
7.926180958747863770e-02 8.208143711090087891e-02 6.580320000648498535e-02 6.715635210275650024e-02
7.676284015178680420e-02 6.014750152826309204e-02 7.299289852380752563e-02 7.198810577392578125e-02
6.684463471174240112e-02 5.047159269452095032e-02 7.401894778013229370e-02 5.565297231078147888e-02
6.091903150081634521e-02 3.369565680623054504e-02 6.005981937050819397e-02 4.715589806437492371e-02
6.403381377458572388e-02 2.856826595962047577e-02 5.914632230997085571e-02 5.505706369876861572e-02
6.290699541568756104e-02 2.291523106396198273e-02 5.472739413380622864e-02 4.969574511051177979e-02
5.548404529690742493e-02 1.888632588088512421e-02 4.346503317356109619e-02 3.140592575073242188e-02
4.744653776288032532e-02 1.396340318024158478e-02 3.404906392097473145e-02 2.848390676081180573e-02
4.836867377161979675e-02 9.385870769619941711e-03 3.600721433758735657e-02 2.751818485558032990e-02
3.380159661173820496e-02 9.708494879305362701e-03 3.154966607689857483e-02 2.478393353521823883e-02
3.577801212668418884e-02 6.333211902529001236e-03 2.446014434099197388e-02 3.194621577858924866e-02
4.132253676652908325e-02 5.268778651952743530e-03 2.273464389145374298e-02 2.495659142732620239e-02
3.892373666167259216e-02 3.314707661047577858e-03 1.250125560909509659e-02 2.263069152832031250e-02
3.216307237744331360e-02 3.648353973403573036e-03 1.822258345782756805e-02 2.093199267983436584e-02
2.251466177403926849e-02 1.290523633360862732e-02 2.512803301215171814e-02 2.531098760664463043e-02
1.236191671341657639e-02 9.185653179883956909e-03 2.103312872350215912e-02 2.080663107335567474e-02
5.518261343240737915e-02 9.214458055794239044e-03 4.147076234221458435e-02 4.422536864876747131e-02
3.952840343117713928e-02 1.229647733271121979e-02 3.531381115317344666e-02 3.706146031618118286e-02
1.454901415854692459e-02 1.832884922623634338e-02 3.745444118976593018e-02 3.499826788902282715e-02
4.308215901255607605e-02 2.067680656909942627e-02 4.431777074933052063e-02 6.185225397348403931e-02
7.432442158460617065e-02 1.982160471379756927e-02 4.157712683081626892e-02 6.950415670871734619e-02
6.889890134334564209e-02 3.764894604682922363e-02 5.173579603433609009e-02 6.559105962514877319e-02
5.995627865195274353e-02 4.983660951256752014e-02 5.409451201558113098e-02 6.297335028648376465e-02
6.665498763322830200e-02 3.289332240819931030e-02 4.796947166323661804e-02 4.711272567510604858e-02
7.251636683940887451e-02 2.869225107133388519e-02 4.683344066143035889e-02 5.580934509634971619e-02
8.817603439092636108e-02 2.972350642085075378e-02 5.740708857774734497e-02 4.724247008562088013e-02
9.354013949632644653e-02 3.556772321462631226e-02 7.117975503206253052e-02 7.482967525720596313e-02
9.037046134471893311e-02 2.550152502954006195e-02 5.247167497873306274e-02 7.889651507139205933e-02
1.037872508168220520e-01 2.817085944116115570e-02 4.784870147705078125e-02 7.245401293039321899e-02
9.066133946180343628e-02 2.421247027814388275e-02 3.902237489819526672e-02 6.758254766464233398e-02
6.071989983320236206e-02 2.494017221033573151e-02 3.695841506123542786e-02 4.476970434188842773e-02
1.198810711503028870e-01 3.497874736785888672e-02 4.541007056832313538e-02 5.395503342151641846e-02
1.687629520893096924e-01 4.656188935041427612e-02 6.870767474174499512e-02 8.081474155187606812e-02
1.608378887176513672e-01 4.561159387230873108e-02 6.320695579051971436e-02 7.015859335660934448e-02
1.274706423282623291e-01 3.964814171195030212e-02 5.948108434677124023e-02 5.926075205206871033e-02
6.180379539728164673e-02 1.574780791997909546e-02 2.961368672549724579e-02 4.347221925854682922e-02
5.905216559767723083e-02 2.126922830939292908e-02 3.125511854887008667e-02 5.031871423125267029e-02
7.467786222696304321e-02 4.081211239099502563e-02 6.485099345445632935e-02 6.481936573982238770e-02
9.749650210142135620e-02 3.872737288475036621e-02 6.537101417779922485e-02 5.202985182404518127e-02
1.010754480957984924e-01 3.749623522162437439e-02 7.461753487586975098e-02 6.856704503297805786e-02
1.077560558915138245e-01 3.292654454708099365e-02 6.878499686717987061e-02 8.434514701366424561e-02
9.369148313999176025e-02 3.057089075446128845e-02 6.968867778778076172e-02 7.974771410226821899e-02
9.179037064313888550e-02 2.841450832784175873e-02 5.736627057194709778e-02 8.082937449216842651e-02
8.912089467048645020e-02 3.374703973531723022e-02 7.733063399791717529e-02 7.975579798221588135e-02
7.532351464033126831e-02 3.502270579338073730e-02 9.116841107606887817e-02 7.927636057138442993e-02
9.485748410224914551e-02 4.330275952816009521e-02 7.849999517202377319e-02 9.884220361709594727e-02
1.329576969146728516e-01 6.770339608192443848e-02 1.046357825398445129e-01 1.078409180045127869e-01
1.127466484904289246e-01 7.078392058610916138e-02 1.066110208630561829e-01 8.557108789682388306e-02
9.303172677755355835e-02 6.762874126434326172e-02 8.487512916326522827e-02 6.755317747592926025e-02
7.240528613328933716e-02 5.430455505847930908e-02 8.307242393493652344e-02 6.717031449079513550e-02
6.690788269042968750e-02 5.299589037895202637e-02 8.060232549905776978e-02 7.555905729532241821e-02
5.937483161687850952e-02 5.711131170392036438e-02 8.102770149707794189e-02 8.931373059749603271e-02
6.207082793116569519e-02 3.863203525543212891e-02 6.315603852272033691e-02 8.361198753118515015e-02
5.982421711087226868e-02 3.650987520813941956e-02 5.790130794048309326e-02 6.912346929311752319e-02
4.870831221342086792e-02 2.951439470052719116e-02 5.861909687519073486e-02 7.375562936067581177e-02
5.672141164541244507e-02 3.260513395071029663e-02 4.252805560827255249e-02 8.715377002954483032e-02
4.514697939157485962e-02 2.573435753583908081e-02 4.182172194123268127e-02 8.847197145223617554e-02
5.724868923425674438e-02 3.319642320275306702e-02 5.369607731699943542e-02 1.066355258226394653e-01
4.371170699596405029e-02 4.280510544776916504e-02 4.415331780910491943e-02 1.034914329648017883e-01
2.522042393684387207e-02 3.570787236094474792e-02 2.920538000762462616e-02 5.007756501436233521e-02
2.148264087736606598e-02 2.258229069411754608e-02 1.920063607394695282e-02 4.482204094529151917e-02
2.047448791563510895e-02 2.166343107819557190e-02 1.915051229298114777e-02 3.959505259990692139e-02
1.602339558303356171e-02 1.564953848719596863e-02 1.662521995604038239e-02 3.679342940449714661e-02
1.468249596655368805e-02 1.186772342771291733e-02 1.835854537785053253e-02 4.496973007917404175e-02
2.289465628564357758e-02 1.171009335666894913e-02 2.107997052371501923e-02 5.748388543725013733e-02
1.524124108254909515e-02 1.295318920165300369e-02 2.028712071478366852e-02 3.102808631956577301e-02
1.830090396106243134e-02 1.163269206881523132e-02 2.051183581352233887e-02 3.326773643493652344e-02
1.417397148907184601e-02 1.252471748739480972e-02 1.826572418212890625e-02 3.433938696980476379e-02
1.194342784583568573e-02 1.564381085336208344e-02 2.044443786144256592e-02 3.450002521276473999e-02
9.996104985475540161e-03 1.247531641274690628e-02 1.673722267150878906e-02 3.412433713674545288e-02
3.333760052919387817e-02 1.436691265553236008e-02 2.589144371449947357e-02 5.814127996563911438e-02
2.981708571314811707e-02 1.150920148938894272e-02 2.867409586906433105e-02 7.005654275417327881e-02
1.186844985932111740e-02 7.310860790312290192e-03 1.744650676846504211e-02 3.856058791279792786e-02
2.770044095814228058e-02 6.642270367592573166e-03 2.477086894214153290e-02 5.584443360567092896e-02
1.504015643149614334e-02 4.159894771873950958e-03 1.843937113881111145e-02 3.052294999361038208e-02
1.018886547535657883e-02 6.473553832620382309e-03 1.704427786171436310e-02 1.960117928683757782e-02
1.140732597559690475e-02 6.843926850706338882e-03 1.627440750598907471e-02 1.686515100300312042e-02
1.138918101787567139e-02 6.027417257428169250e-03 1.834744960069656372e-02 1.310945861041545868e-02
1.172986533492803574e-02 4.790395498275756836e-03 1.377134956419467926e-02 1.004286389797925949e-02
1.572465524077415466e-02 5.565468221902847290e-03 1.840942725539207458e-02 9.176106192171573639e-03
1.265585422515869141e-02 3.686311421915888786e-03 1.343335397541522980e-02 9.358065202832221985e-03
1.822087727487087250e-02 1.109225861728191376e-02 2.633150294423103333e-02 2.016588672995567322e-02
1.815314404666423798e-02 1.757868751883506775e-02 3.927266597747802734e-02 2.971127629280090332e-02
2.320372126996517181e-02 1.817055419087409973e-02 5.277980118989944458e-02 3.698590025305747986e-02
3.258274868130683899e-02 1.542556565254926682e-02 3.689169511198997498e-02 5.712991952896118164e-02
2.254182659089565277e-02 7.740004919469356537e-03 2.847321331501007080e-02 5.577774345874786377e-02
2.354599349200725555e-02 8.754710666835308075e-03 2.477852441370487213e-02 2.867927029728889465e-02
3.243317455053329468e-02 1.231486070901155472e-02 3.256781771779060364e-02 4.130684956908226013e-02
2.550095692276954651e-02 1.269270572811365128e-02 2.791163325309753418e-02 2.961199544370174408e-02
3.036202676594257355e-02 1.429147645831108093e-02 3.976675495505332947e-02 3.599380329251289368e-02
3.964726999402046204e-02 1.517074275761842728e-02 4.439645260572433472e-02 5.367773771286010742e-02
5.542839691042900085e-02 2.284138090908527374e-02 5.123513191938400269e-02 6.432576477527618408e-02
5.518797412514686584e-02 1.284048706293106079e-02 3.911225497722625732e-02 5.449467897415161133e-02
6.745087355375289917e-02 1.016185618937015533e-02 3.384989872574806213e-02 5.297499150037765503e-02
7.239624112844467163e-02 6.758627947419881821e-03 1.952738501131534576e-02 3.005737997591495514e-02
1.072406917810440063e-01 8.910305798053741455e-03 3.005913831293582916e-02 3.570303693413734436e-02
7.322273403406143188e-02 1.354195456951856613e-02 3.211674839258193970e-02 3.628832101821899414e-02
9.790289402008056641e-02 9.784804657101631165e-03 2.632742561399936676e-02 3.726564720273017883e-02
7.205808162689208984e-02 6.823457311838865280e-03 2.514874562621116638e-02 4.633795097470283508e-02
4.307923838496208191e-02 6.751429755240678787e-03 2.545063756406307220e-02 2.483585476875305176e-02
2.076867595314979553e-02 7.935171015560626984e-03 1.973662152886390686e-02 1.235775463283061981e-02
2.326982095837593079e-02 6.794255226850509644e-03 1.932179182767868042e-02 9.117862209677696228e-03
3.115801326930522919e-02 7.785710040479898453e-03 1.977358944714069366e-02 1.935958303511142731e-02
2.270807325839996338e-02 5.876144394278526306e-03 1.670775003731250763e-02 1.684514246881008148e-02
1.288646180182695389e-02 5.793431308120489120e-03 1.514607761055231094e-02 1.852621696889400482e-02
1.150684710592031479e-02 3.867322113364934921e-03 1.005943678319454193e-02 1.580649614334106445e-02
5.885076243430376053e-03 1.944237737916409969e-03 7.025999482721090317e-03 9.090541861951351166e-03
7.306660991162061691e-03 2.908475464209914207e-03 7.276825141161680222e-03 6.210243795067071915e-03
7.758795749396085739e-03 3.494032192975282669e-03 5.801052320748567581e-03 4.974982235580682755e-03
8.583302609622478485e-03 3.701672190800309181e-03 8.992441929876804352e-03 9.903677739202976227e-03
8.220275864005088806e-03 4.404004197567701340e-03 8.080361410975456238e-03 6.376905366778373718e-03
1.160506065934896469e-02 8.138369768857955933e-03 7.179794367402791977e-03 1.116725243628025055e-02
9.334643371403217316e-03 9.189155884087085724e-03 1.051825191825628281e-02 1.642095297574996948e-02
4.935483448207378387e-03 1.043771579861640930e-02 8.180040866136550903e-03 1.121780369430780411e-02
4.110142122954130173e-03 9.954847395420074463e-03 1.030394714325666428e-02 1.098346151411533356e-02
6.382001098245382309e-03 8.427764289081096649e-03 7.102165836840867996e-03 8.739697746932506561e-03
5.214248318225145340e-03 8.019091561436653137e-03 8.011539466679096222e-03 8.372092619538307190e-03
4.036712460219860077e-03 1.016116049140691757e-02 7.407416123896837234e-03 1.114088762551546097e-02
3.361001377925276756e-03 1.291255187243223190e-02 8.386082015931606293e-03 8.986919187009334564e-03
4.198460374027490616e-03 1.507875975221395493e-02 7.050022482872009277e-03 7.218838203698396683e-03
3.779120510444045067e-03 1.228389330208301544e-02 5.772836040705442429e-03 8.608931675553321838e-03
3.904188983142375946e-03 9.247553534805774689e-03 5.733162164688110352e-03 8.500248193740844727e-03
6.002989597618579865e-03 1.347894221544265747e-02 5.101033020764589310e-03 1.227935776114463806e-02
5.530035588890314102e-03 1.066817622631788254e-02 5.598155781626701355e-03 1.321081910282373428e-02
5.389994475990533829e-03 9.429232217371463776e-03 4.144086502492427826e-03 1.203622296452522278e-02
8.654596284031867981e-03 9.595512412488460541e-03 3.703855210915207863e-03 1.170488540083169937e-02
7.767434697598218918e-03 1.025839149951934814e-02 3.531431779265403748e-03 1.346102263778448105e-02
6.192617584019899368e-03 6.911620032042264938e-03 2.644219435751438141e-03 7.896715775132179260e-03
6.616624072194099426e-03 5.547748878598213196e-03 2.638838952407240868e-03 4.792937543243169785e-03
8.098964579403400421e-03 5.281559191644191742e-03 3.653099294751882553e-03 5.366967990994453430e-03
8.417353965342044830e-03 7.628736551851034164e-03 3.820750396698713303e-03 6.985086482018232346e-03
1.121209841221570969e-02 5.976003129035234451e-03 3.295829053968191147e-03 3.280892735347151756e-03
1.270275469869375229e-02 4.440923221409320831e-03 3.938943613320589066e-03 7.411866914480924606e-03
1.050112489610910416e-02 7.354628760367631912e-03 5.464592482894659042e-03 1.089850254356861115e-02
8.492463268339633942e-03 5.216697230935096741e-03 5.983993411064147949e-03 9.845904074609279633e-03
1.355797145515680313e-02 4.453042522072792053e-03 6.949094124138355255e-03 7.280439604073762894e-03
1.829693466424942017e-02 4.577254410833120346e-03 7.098373956978321075e-03 8.937806822359561920e-03
2.682071737945079803e-02 5.230863578617572784e-03 1.211693324148654938e-02 1.972506940364837646e-02
3.734796121716499329e-02 8.658217266201972961e-03 1.537266559898853302e-02 2.486162260174751282e-02
3.793784976005554199e-02 4.872302524745464325e-03 1.706854254007339478e-02 2.497623302042484283e-02
8.228881657123565674e-02 6.194011308252811432e-03 1.171419396996498108e-02 4.213765263557434082e-02
1.205857321619987488e-01 9.349055588245391846e-03 1.865001395344734192e-02 4.314350336790084839e-02
4.677010327577590942e-02 7.177476771175861359e-03 1.339852064847946167e-02 2.101890742778778076e-02
4.935115575790405273e-02 7.886009290814399719e-03 2.083251811563968658e-02 2.252976223826408386e-02
6.977897137403488159e-02 1.088634785264730453e-02 1.962606422603130341e-02 2.945880219340324402e-02
7.267998158931732178e-02 1.107335556298494339e-02 2.380185574293136597e-02 3.069397062063217163e-02
7.866224646568298340e-02 1.166034489870071411e-02 2.341396920382976532e-02 3.729654476046562195e-02
4.686853289604187012e-02 1.229110360145568848e-02 2.867189981043338776e-02 3.895870596170425415e-02
3.725378215312957764e-02 1.580015569925308228e-02 4.086165502667427063e-02 4.591030254960060120e-02
1.798737943172454834e-01 1.501802075654268265e-02 3.221845254302024841e-02 7.306210696697235107e-02
1.716922223567962646e-01 1.797305047512054443e-02 3.355162590742111206e-02 1.016604751348495483e-01
6.392115354537963867e-02 2.010128274559974670e-02 4.262334853410720825e-02 7.269367575645446777e-02
7.592265307903289795e-02 1.947405748069286346e-02 2.947672829031944275e-02 5.561524629592895508e-02
1.024456322193145752e-01 1.960654556751251221e-02 5.206716433167457581e-02 9.167183935642242432e-02
1.122631356120109558e-01 2.899455465376377106e-02 5.600992962718009949e-02 1.020909175276756287e-01
1.285473853349685669e-01 4.161423072218894958e-02 6.961268186569213867e-02 1.002042442560195923e-01
1.048168092966079712e-01 3.656084090471267700e-02 6.988855451345443726e-02 1.161528453230857849e-01
1.094354093074798584e-01 3.490076586604118347e-02 6.604184955358505249e-02 1.152681708335876465e-01
1.374667286872863770e-01 4.502391815185546875e-02 7.102850824594497681e-02 1.264670640230178833e-01
1.149680614471435547e-01 4.016391560435295105e-02 7.378818094730377197e-02 1.146871447563171387e-01
1.269746869802474976e-01 4.439142346382141113e-02 7.581117749214172363e-02 1.254431456327438354e-01
1.532580554485321045e-01 4.707882925868034363e-02 6.308086961507797241e-02 1.165885701775550842e-01
5.535438284277915955e-02 3.723254799842834473e-02 5.614931136369705200e-02 7.578951120376586914e-02
1.525949835777282715e-01 5.386379733681678772e-02 7.576705515384674072e-02 1.165098622441291809e-01
1.618057340383529663e-01 6.186772510409355164e-02 8.222834020853042603e-02 1.374113559722900391e-01
1.497783660888671875e-01 7.002403587102890015e-02 8.720482885837554932e-02 1.445822715759277344e-01
1.602236479520797729e-01 7.885131984949111938e-02 9.400098025798797607e-02 1.872598081827163696e-01
1.312322765588760376e-01 7.031123340129852295e-02 9.038116782903671265e-02 1.662731319665908813e-01
1.644531339406967163e-01 1.128764599561691284e-01 1.445887386798858643e-01 2.521500885486602783e-01
1.684937030076980591e-01 8.775350451469421387e-02 1.426976472139358521e-01 2.362090647220611572e-01
2.033032625913619995e-01 8.519525080919265747e-02 1.282700151205062866e-01 2.279323190450668335e-01
1.692364811897277832e-01 6.874371320009231567e-02 1.221734508872032166e-01 2.264549434185028076e-01
1.523576825857162476e-01 5.508083477616310120e-02 1.137932315468788147e-01 1.523815691471099854e-01
1.017293184995651245e-01 5.882585048675537109e-02 1.228221356868743896e-01 1.382288783788681030e-01
8.365260064601898193e-02 5.940926074981689453e-02 1.344248056411743164e-01 1.301280260086059570e-01
1.161787658929824829e-01 5.857539176940917969e-02 1.606885045766830444e-01 1.489793509244918823e-01
1.208861395716667175e-01 7.608419656753540039e-02 2.068356126546859741e-01 2.531328201293945312e-01
8.471821248531341553e-02 6.947814673185348511e-02 2.047581225633621216e-01 1.395020186901092529e-01
1.455967277288436890e-01 9.397105872631072998e-02 2.561466395854949951e-01 1.376478970050811768e-01
2.090374082326889038e-01 9.803428500890731812e-02 2.253147512674331665e-01 1.486562937498092651e-01
2.281196415424346924e-01 9.918154776096343994e-02 2.349463403224945068e-01 1.776036024093627930e-01
1.836613863706588745e-01 1.002260670065879822e-01 2.267837971448898315e-01 1.616200953722000122e-01
2.732239663600921631e-01 8.046516776084899902e-02 2.170088142156600952e-01 2.393271625041961670e-01
3.523193597793579102e-01 1.025041788816452026e-01 2.510711252689361572e-01 2.566134929656982422e-01
4.261650145053863525e-01 1.215706840157508850e-01 2.906788289546966553e-01 3.166446387767791748e-01
4.590885043144226074e-01 1.518426537513732910e-01 3.297807276248931885e-01 3.868383169174194336e-01
4.564859867095947266e-01 1.514889448881149292e-01 3.486441671848297119e-01 4.030874073505401611e-01
5.092573165893554688e-01 1.706594228744506836e-01 3.325453400611877441e-01 4.128555953502655029e-01
5.339428186416625977e-01 2.437922060489654541e-01 4.188749790191650391e-01 4.390079677104949951e-01
5.283063054084777832e-01 2.868248522281646729e-01 4.372157156467437744e-01 4.268521964550018311e-01
5.467417836189270020e-01 2.962850034236907959e-01 4.232060313224792480e-01 4.307414889335632324e-01
5.565193891525268555e-01 3.016350865364074707e-01 4.221069812774658203e-01 4.360520243644714355e-01
5.366535782814025879e-01 2.985529899597167969e-01 4.103338122367858887e-01 4.287362396717071533e-01
5.040745735168457031e-01 2.884544730186462402e-01 3.863079249858856201e-01 3.975965082645416260e-01
5.092279911041259766e-01 2.779601812362670898e-01 3.793259859085083008e-01 3.992560207843780518e-01
5.017208456993103027e-01 2.714249193668365479e-01 3.534465432167053223e-01 3.853282034397125244e-01
4.081983566284179688e-01 2.300617843866348267e-01 3.133556842803955078e-01 3.582959473133087158e-01
3.187791705131530762e-01 1.494268029928207397e-01 2.387380897998809814e-01 3.388436436653137207e-01
2.362840622663497925e-01 1.422362029552459717e-01 2.298568040132522583e-01 2.278494238853454590e-01
1.691416949033737183e-01 6.288278102874755859e-02 9.159699827432632446e-02 1.361628323793411255e-01
1.292970031499862671e-01 4.252099990844726562e-02 7.044389843940734863e-02 9.022148698568344116e-02
3.570722416043281555e-02 3.517854958772659302e-02 6.393118202686309814e-02 4.334820806980133057e-02
3.776311129331588745e-02 2.472716756165027618e-02 3.786108642816543579e-02 4.679049178957939148e-02
3.113559447228908539e-02 2.852393500506877899e-02 4.085267707705497742e-02 4.247146472334861755e-02
2.571712993085384369e-02 3.310755640268325806e-02 2.998854592442512512e-02 4.636451229453086853e-02
3.015129454433917999e-02 2.903223596513271332e-02 3.037746436893939972e-02 2.705387212336063385e-02
4.876836761832237244e-02 3.462200239300727844e-02 2.202749252319335938e-02 3.817021101713180542e-02
5.482671782374382019e-02 3.520801663398742676e-02 2.778570912778377533e-02 4.771714657545089722e-02
4.460020735859870911e-02 2.164359204471111298e-02 2.234323136508464813e-02 4.564130678772926331e-02
4.781057685613632202e-02 2.247269637882709503e-02 2.461841143667697906e-02 3.271593898534774780e-02
3.898252919316291809e-02 2.690013125538825989e-02 2.500976063311100006e-02 2.723351866006851196e-02
3.047784417867660522e-02 2.369775436818599701e-02 2.697946876287460327e-02 2.441421896219253540e-02
5.138798430562019348e-02 2.935224026441574097e-02 2.882357686758041382e-02 3.605284914374351501e-02
4.715175554156303406e-02 4.304749518632888794e-02 4.227423295378684998e-02 5.086882784962654114e-02
5.048562586307525635e-02 8.113643527030944824e-02 8.846703171730041504e-02 7.444450259208679199e-02
5.605553090572357178e-02 1.010618880391120911e-01 6.944894790649414062e-02 6.509099155664443970e-02
9.295096993446350098e-02 1.217732504010200500e-01 8.623707294464111328e-02 9.878075867891311646e-02
1.184107065200805664e-01 8.042629808187484741e-02 8.290185779333114624e-02 1.581558734178543091e-01
1.418495178222656250e-01 8.897626399993896484e-02 9.996341913938522339e-02 1.696302592754364014e-01
1.120756119489669800e-01 5.813775584101676941e-02 7.629618793725967407e-02 1.401066631078720093e-01
1.044464781880378723e-01 6.776396185159683228e-02 6.953024864196777344e-02 1.096894517540931702e-01
1.116843447089195251e-01 6.578248739242553711e-02 6.767333298921585083e-02 9.340270608663558960e-02
7.971585541963577271e-02 6.601091474294662476e-02 6.498425453901290894e-02 8.894611895084381104e-02
1.215793937444686890e-01 6.688749045133590698e-02 7.794552296400070190e-02 1.182165369391441345e-01
1.638242155313491821e-01 6.494053453207015991e-02 8.667694032192230225e-02 1.229208782315254211e-01
1.061870753765106201e-01 6.362361460924148560e-02 9.300313144922256470e-02 1.188862025737762451e-01
5.326672270894050598e-02 5.355831980705261230e-02 7.115572690963745117e-02 7.037541270256042480e-02
7.228942215442657471e-02 5.599302798509597778e-02 7.434062659740447998e-02 7.439164072275161743e-02
7.829316705465316772e-02 5.011667683720588684e-02 6.384451687335968018e-02 7.390604168176651001e-02
6.195586174726486206e-02 4.535080492496490479e-02 5.911162495613098145e-02 7.966835051774978638e-02
7.401149719953536987e-02 3.960857167840003967e-02 6.780453026294708252e-02 6.893640011548995972e-02
5.363309010863304138e-02 4.571265354752540588e-02 5.127972364425659180e-02 6.369377672672271729e-02
8.026470243930816650e-02 4.441005736589431763e-02 7.940171658992767334e-02 9.824384748935699463e-02
7.422937452793121338e-02 4.488306120038032532e-02 6.012059003114700317e-02 7.023625075817108154e-02
9.466922283172607422e-02 3.565762937068939209e-02 5.580856651067733765e-02 6.299692392349243164e-02
7.745163142681121826e-02 2.867100946605205536e-02 5.327019840478897095e-02 5.521665886044502258e-02
5.711255967617034912e-02 2.557106502354145050e-02 3.968177363276481628e-02 4.795985668897628784e-02
4.036903008818626404e-02 2.288736030459403992e-02 3.429625928401947021e-02 4.533946141600608826e-02
4.439915344119071960e-02 2.714404836297035217e-02 3.137508779764175415e-02 5.349660664796829224e-02
3.250116482377052307e-02 2.635397017002105713e-02 4.153363406658172607e-02 4.271415248513221741e-02
2.877730317413806915e-02 2.711866796016693115e-02 4.071359336376190186e-02 3.684843331575393677e-02
2.467837743461132050e-02 3.811374306678771973e-02 4.469828680157661438e-02 3.084850683808326721e-02
2.932348102331161499e-02 4.230214655399322510e-02 4.712671786546707153e-02 3.374645859003067017e-02
3.670481964945793152e-02 4.435568675398826599e-02 5.090368166565895081e-02 4.439518600702285767e-02
3.954647481441497803e-02 3.999919444322586060e-02 5.759518221020698547e-02 5.291860923171043396e-02
6.863557547330856323e-02 3.825584053993225098e-02 5.123433470726013184e-02 5.131234973669052124e-02
2.149416133761405945e-02 2.730309031903743744e-02 4.931521788239479065e-02 3.010016307234764099e-02
2.707300707697868347e-02 2.374055422842502594e-02 5.597178637981414795e-02 2.991602383553981781e-02
2.894700877368450165e-02 3.080382384359836578e-02 5.088217183947563171e-02 3.738827630877494812e-02
3.624633327126502991e-02 3.474284335970878601e-02 5.252925679087638855e-02 4.244603961706161499e-02
3.678563237190246582e-02 3.614056482911109924e-02 5.159127339720726013e-02 3.384140878915786743e-02
3.492714837193489075e-02 2.509126998484134674e-02 4.337812587618827820e-02 2.326207421720027924e-02
3.142028301954269409e-02 2.191508188843727112e-02 4.275530204176902771e-02 2.085268683731555939e-02
2.205682732164859772e-02 2.836933732032775879e-02 3.498494252562522888e-02 2.273354679346084595e-02
2.631468698382377625e-02 1.519387867301702499e-02 3.541902080178260803e-02 1.664087176322937012e-02
2.274348586797714233e-02 1.174487732350826263e-02 2.332094870507717133e-02 1.549242902547121048e-02
3.203970938920974731e-02 8.054954931139945984e-03 2.162590436637401581e-02 1.722312904894351959e-02
3.098642267286777496e-02 6.811759434640407562e-03 1.902085728943347931e-02 1.813811622560024261e-02
3.932191804051399231e-02 1.121378969401121140e-02 1.748715341091156006e-02 1.716531440615653992e-02
4.314798116683959961e-02 1.546890381723642349e-02 2.422191388905048370e-02 1.919177547097206116e-02
4.414209723472595215e-02 2.578135393559932709e-02 2.996074594557285309e-02 2.343817427754402161e-02
3.475324064493179321e-02 3.176784515380859375e-02 3.074106201529502869e-02 1.705819368362426758e-02
4.634350538253784180e-02 2.597842179238796234e-02 3.247696533799171448e-02 2.192394621670246124e-02
1.174165084958076477e-01 1.897149905562400818e-02 3.998827189207077026e-02 8.395424485206604004e-02
4.253635928034782410e-02 2.225723676383495331e-02 3.547562658786773682e-02 2.315896004438400269e-02
2.717345394194126129e-02 2.794400416314601898e-02 3.864223882555961609e-02 1.647470332682132721e-02
4.196383804082870483e-02 1.963647454977035522e-02 2.643650770187377930e-02 2.250055223703384399e-02
4.167112335562705994e-02 2.527055703103542328e-02 3.687582537531852722e-02 3.004442527890205383e-02
3.438612446188926697e-02 2.050838246941566467e-02 2.280045300722122192e-02 2.593551948666572571e-02
3.999952226877212524e-02 1.984631828963756561e-02 3.148607909679412842e-02 4.731890186667442322e-02
8.130064606666564941e-02 2.429975382983684540e-02 5.880249291658401489e-02 1.087408736348152161e-01
9.336625039577484131e-02 1.290429476648569107e-02 4.122686013579368591e-02 8.420323580503463745e-02
8.948975801467895508e-02 1.916063204407691956e-02 4.178330302238464355e-02 6.520297378301620483e-02
9.158488363027572632e-02 2.002681046724319458e-02 4.114485532045364380e-02 7.733912020921707153e-02
1.150521710515022278e-01 2.065694332122802734e-02 4.489688947796821594e-02 9.174585342407226562e-02
1.182609573006629944e-01 2.194845303893089294e-02 4.623068869113922119e-02 1.015901416540145874e-01
6.027856841683387756e-02 2.045235596597194672e-02 2.913477644324302673e-02 3.954063355922698975e-02
7.094847410917282104e-02 2.190835773944854736e-02 3.035643883049488068e-02 3.693509474396705627e-02
7.270693778991699219e-02 2.267597243189811707e-02 3.059968352317810059e-02 4.674091190099716187e-02
8.004835247993469238e-02 2.969821169972419739e-02 2.858123742043972015e-02 4.259632900357246399e-02
8.597057312726974487e-02 2.972157299518585205e-02 2.535951696336269379e-02 4.459612444043159485e-02
6.252168118953704834e-02 2.105267159640789032e-02 1.604047790169715881e-02 3.837535157799720764e-02
5.630801990628242493e-02 8.485082536935806274e-03 1.212734263390302658e-02 2.304183132946491241e-02
4.154270887374877930e-02 7.907878607511520386e-03 1.282392442226409912e-02 2.165919169783592224e-02
5.374255776405334473e-02 1.387716829776763916e-02 1.916829496622085571e-02 3.821349143981933594e-02
4.912142083048820496e-02 1.245528832077980042e-02 1.947266981005668640e-02 3.412380442023277283e-02
4.058469086885452271e-02 1.722213625907897949e-02 2.545834518969058990e-02 2.712552621960639954e-02
4.868656396865844727e-02 1.154550164937973022e-02 3.533076494932174683e-02 4.413267225027084351e-02
1.175515055656433105e-01 1.392754912376403809e-02 3.444576263427734375e-02 1.011392250657081604e-01
1.042350754141807556e-01 1.751442253589630127e-02 3.845050558447837830e-02 1.212722808122634888e-01
9.570407122373580933e-02 1.773580163717269897e-02 5.348689109086990356e-02 1.064914315938949585e-01
5.968511849641799927e-02 1.511755958199501038e-02 4.618694633245468140e-02 5.231329798698425293e-02
5.939111858606338501e-02 8.037352934479713440e-03 3.823098912835121155e-02 3.713791817426681519e-02
4.598742723464965820e-02 1.466834079474210739e-02 3.963271155953407288e-02 3.688720613718032837e-02
6.015445664525032043e-02 2.312264032661914825e-02 5.220558121800422668e-02 3.317746892571449280e-02
4.110273718833923340e-02 1.830641739070415497e-02 4.104357585310935974e-02 1.508162822574377060e-02
3.015844896435737610e-02 1.317457854747772217e-02 4.567267000675201416e-02 1.708889752626419067e-02
5.426711216568946838e-02 1.412779279053211212e-02 4.258757084608078003e-02 2.974252961575984955e-02
4.561621323227882385e-02 2.242713421583175659e-02 4.014109075069427490e-02 1.992056146264076233e-02
3.132888674736022949e-02 2.281099930405616760e-02 4.009813815355300903e-02 1.336487196385860443e-02
3.291835263371467590e-02 2.160122431814670563e-02 4.953546449542045593e-02 1.736830547451972961e-02
2.367415837943553925e-02 3.230636566877365112e-02 5.214168131351470947e-02 2.034793607890605927e-02
3.671520948410034180e-02 2.154783718287944794e-02 4.238080233335494995e-02 2.197994105517864227e-02
5.273872986435890198e-02 2.772851660847663879e-02 6.073243916034698486e-02 3.700038418173789978e-02
5.819921195507049561e-02 4.164759069681167603e-02 8.260045200586318970e-02 5.743467807769775391e-02
8.823614567518234253e-02 3.742522746324539185e-02 6.588374823331832886e-02 7.198979705572128296e-02
6.964661180973052979e-02 3.035371564328670502e-02 5.443979054689407349e-02 3.651364147663116455e-02
6.922787427902221680e-02 2.320639044046401978e-02 4.780093953013420105e-02 4.785178601741790771e-02
6.483105570077896118e-02 2.397566102445125580e-02 4.636865481734275818e-02 4.221621900796890259e-02
5.765610933303833008e-02 3.076802566647529602e-02 4.393080621957778931e-02 4.604326188564300537e-02
6.277320533990859985e-02 6.209944188594818115e-02 5.839031562209129333e-02 5.505980551242828369e-02
6.205532699823379517e-02 6.947642564773559570e-02 6.168819963932037354e-02 4.880698397755622864e-02
6.547917425632476807e-02 4.085142165422439575e-02 7.249817997217178345e-02 4.555752873420715332e-02
6.480173021554946899e-02 6.050680577754974365e-02 7.488138228654861450e-02 4.551398754119873047e-02
7.092196494340896606e-02 5.732330307364463806e-02 5.993619561195373535e-02 4.850294440984725952e-02
6.135230138897895813e-02 5.121174082159996033e-02 5.383485183119773865e-02 4.467350244522094727e-02
7.854471355676651001e-02 4.698229581117630005e-02 5.778577178716659546e-02 6.821222603321075439e-02
9.872457385063171387e-02 4.529391229152679443e-02 6.619563698768615723e-02 7.048176974058151245e-02
6.686005741357803345e-02 4.280020296573638916e-02 6.542859226465225220e-02 6.237911432981491089e-02
7.332140952348709106e-02 3.979369252920150757e-02 6.326431035995483398e-02 6.188067793846130371e-02
5.718901008367538452e-02 3.312044963240623474e-02 5.220406129956245422e-02 5.147837474942207336e-02
6.870901584625244141e-02 3.096943348646163940e-02 4.787467792630195618e-02 6.368912756443023682e-02
8.430372178554534912e-02 3.583308681845664978e-02 4.956444352865219116e-02 8.030766993761062622e-02
7.493871450424194336e-02 4.429848119616508484e-02 4.171563684940338135e-02 3.879914432764053345e-02
7.732221484184265137e-02 6.167100742459297180e-02 7.501029968261718750e-02 3.873045369982719421e-02
9.036336839199066162e-02 6.688769906759262085e-02 8.071377873420715332e-02 2.687312662601470947e-02
9.496892243623733521e-02 5.942758172750473022e-02 6.108426302671432495e-02 3.288705646991729736e-02
8.815696090459823608e-02 7.573837786912918091e-02 8.498690277338027954e-02 2.635917067527770996e-02
1.133395135402679443e-01 9.776329249143600464e-02 1.323953568935394287e-01 3.752674907445907593e-02
1.232669427990913391e-01 9.999360144138336182e-02 1.268170922994613647e-01 5.129693076014518738e-02
1.507494598627090454e-01 9.122844040393829346e-02 1.221915557980537415e-01 6.567950546741485596e-02
1.463247239589691162e-01 9.146520495414733887e-02 1.141114979982376099e-01 7.745807617902755737e-02
1.007742434740066528e-01 7.893539965152740479e-02 1.204836890101432800e-01 7.397565245628356934e-02
8.499500155448913574e-02 8.572381734848022461e-02 1.014496758580207825e-01 5.306052789092063904e-02
1.269039809703826904e-01 8.523636311292648315e-02 1.282249242067337036e-01 7.833982259035110474e-02
1.775021702051162720e-01 9.242863208055496216e-02 1.447996497154235840e-01 8.938287198543548584e-02
1.670101583003997803e-01 9.444166719913482666e-02 1.336217969655990601e-01 1.032380983233451843e-01
2.380223274230957031e-01 1.440685391426086426e-01 2.041897326707839966e-01 1.783739626407623291e-01
2.656872868537902832e-01 1.561250984668731689e-01 2.137197852134704590e-01 1.539436280727386475e-01
2.109326124191284180e-01 1.215335354208946228e-01 1.896770596504211426e-01 1.148816570639610291e-01
1.828663051128387451e-01 1.118368878960609436e-01 1.678099185228347778e-01 1.292207092046737671e-01
1.614194214344024658e-01 1.100049912929534912e-01 1.517076790332794189e-01 9.309002757072448730e-02
1.405348032712936401e-01 1.009542271494865417e-01 1.562427133321762085e-01 1.024366170167922974e-01
1.287349015474319458e-01 1.061511933803558350e-01 1.320832520723342896e-01 8.000328391790390015e-02
1.292322874069213867e-01 1.368179917335510254e-01 2.025619149208068848e-01 1.215906888246536255e-01
1.415621340274810791e-01 1.166285052895545959e-01 1.739297807216644287e-01 1.117963716387748718e-01
1.343306303024291992e-01 9.878088533878326416e-02 1.570730805397033691e-01 8.071538805961608887e-02
1.330750137567520142e-01 9.491503983736038208e-02 1.464733332395553589e-01 6.702399998903274536e-02
1.329783201217651367e-01 9.503140300512313843e-02 1.402890086174011230e-01 1.017277091741561890e-01
9.569901227951049805e-02 7.070718705654144287e-02 1.125323176383972168e-01 5.932861566543579102e-02
1.582979559898376465e-01 7.938909530639648438e-02 1.250543892383575439e-01 1.209717467427253723e-01
1.510565131902694702e-01 5.299188196659088135e-02 7.792213559150695801e-02 1.065894961357116699e-01
8.842368423938751221e-02 5.413363873958587646e-02 8.723162859678268433e-02 6.954023241996765137e-02
1.133475601673126221e-01 4.316208884119987488e-02 6.947150826454162598e-02 1.036054342985153198e-01
9.619974344968795776e-02 6.198098510503768921e-02 1.073713749647140503e-01 8.407177776098251343e-02
1.217582821846008301e-01 5.504978448152542114e-02 1.018122509121894836e-01 7.405792921781539917e-02
1.060375943779945374e-01 6.905213743448257446e-02 1.228188201785087585e-01 8.213780820369720459e-02
1.474750638008117676e-01 9.498630464076995850e-02 1.558304429054260254e-01 1.081198453903198242e-01
1.371053308248519897e-01 1.049816161394119263e-01 1.614020466804504395e-01 1.436153054237365723e-01
1.269762367010116577e-01 1.012728810310363770e-01 1.657014042139053345e-01 1.597815752029418945e-01
1.998175680637359619e-01 1.088388338685035706e-01 2.178889364004135132e-01 1.588386595249176025e-01
2.398231327533721924e-01 1.157148256897926331e-01 2.608128190040588379e-01 2.594533860683441162e-01
2.655522525310516357e-01 1.242224872112274170e-01 2.457080781459808350e-01 2.412497103214263916e-01
2.972625195980072021e-01 1.422026604413986206e-01 2.476794272661209106e-01 2.314640134572982788e-01
3.588705658912658691e-01 2.188571989536285400e-01 3.911662995815277100e-01 4.121152460575103760e-01
4.823513031005859375e-01 2.919085323810577393e-01 4.304487109184265137e-01 4.266265034675598145e-01
5.082561373710632324e-01 3.100469708442687988e-01 4.924866557121276855e-01 4.621056914329528809e-01
5.207688808441162109e-01 3.439177274703979492e-01 4.876237511634826660e-01 4.735737740993499756e-01
5.199283361434936523e-01 3.815767168998718262e-01 5.129145383834838867e-01 4.809346795082092285e-01
5.534304380416870117e-01 4.309954047203063965e-01 5.340639948844909668e-01 4.904188513755798340e-01
5.810490846633911133e-01 4.376495778560638428e-01 5.517132878303527832e-01 5.120503306388854980e-01
5.833198428153991699e-01 4.757153391838073730e-01 5.677095651626586914e-01 5.327448844909667969e-01
5.829019546508789062e-01 4.758925139904022217e-01 5.688390135765075684e-01 5.397413372993469238e-01
6.180981397628784180e-01 4.629901051521301270e-01 5.756793618202209473e-01 5.096960067749023438e-01
6.088835000991821289e-01 4.847482442855834961e-01 5.892764925956726074e-01 5.171558260917663574e-01
6.349702477455139160e-01 4.836135506629943848e-01 5.892734527587890625e-01 5.123772621154785156e-01
5.961509346961975098e-01 4.334163367748260498e-01 5.754285454750061035e-01 5.051989555358886719e-01
5.702794790267944336e-01 3.729610741138458252e-01 5.421954989433288574e-01 4.829460382461547852e-01
5.028750896453857422e-01 3.337232768535614014e-01 4.920530021190643311e-01 4.340179860591888428e-01
4.243163466453552246e-01 2.515488564968109131e-01 4.505155682563781738e-01 3.920624852180480957e-01
3.741310238838195801e-01 1.882442831993103027e-01 3.714150190353393555e-01 2.964647710323333740e-01
3.528299033641815186e-01 1.558200418949127197e-01 2.898789644241333008e-01 2.499365061521530151e-01
2.714145183563232422e-01 1.358978301286697388e-01 2.592819035053253174e-01 1.621209383010864258e-01
2.235236018896102905e-01 1.324332952499389648e-01 2.617104053497314453e-01 1.562393456697463989e-01
1.722223609685897827e-01 1.079526841640472412e-01 2.324622124433517456e-01 1.324459463357925415e-01
1.564683020114898682e-01 1.005809977650642395e-01 2.153759896755218506e-01 1.972431987524032593e-01
1.370605379343032837e-01 1.050312668085098267e-01 2.031924873590469360e-01 1.838822364807128906e-01
7.916954159736633301e-02 7.070826739072799683e-02 1.478156447410583496e-01 1.090460419654846191e-01
8.338009566068649292e-02 6.885742396116256714e-02 1.287251412868499756e-01 7.919105887413024902e-02
1.033762395381927490e-01 5.365957692265510559e-02 9.350222349166870117e-02 7.054066658020019531e-02
8.875482529401779175e-02 3.026536107063293457e-02 8.001765608787536621e-02 7.585224509239196777e-02
8.391714096069335938e-02 2.906882576644420624e-02 5.660348013043403625e-02 5.714882537722587585e-02
7.953042536973953247e-02 1.935727894306182861e-02 4.948333650827407837e-02 4.053518548607826233e-02
9.433035552501678467e-02 2.364390529692173004e-02 5.377148091793060303e-02 5.661993101239204407e-02
1.010769009590148926e-01 2.162281610071659088e-02 4.987366497516632080e-02 6.576376408338546753e-02
1.037330403923988342e-01 2.623493224382400513e-02 4.748382046818733215e-02 7.680217176675796509e-02
1.109819710254669189e-01 1.718678139150142670e-02 4.226447641849517822e-02 8.193108439445495605e-02
8.641524612903594971e-02 1.386196631938219070e-02 3.329586610198020935e-02 5.101750418543815613e-02
9.901767224073410034e-02 1.546017732471227646e-02 3.287629038095474243e-02 6.033449247479438782e-02
1.123221442103385925e-01 2.688110992312431335e-02 5.276564508676528931e-02 5.790444090962409973e-02
4.241314157843589783e-02 1.824180595576763153e-02 4.233261197805404663e-02 3.500179573893547058e-02
3.764597699046134949e-02 1.086552627384662628e-02 4.113193228840827942e-02 4.054802656173706055e-02
8.471486717462539673e-02 2.221713401377201080e-02 4.609814658761024475e-02 6.573976576328277588e-02
4.968423768877983093e-02 1.434478163719177246e-02 3.915843740105628967e-02 3.714683651924133301e-02
2.768895588815212250e-02 1.109016686677932739e-02 3.794217482209205627e-02 4.660475254058837891e-02
2.737721242010593414e-02 1.206571608781814575e-02 2.932339161634445190e-02 3.846868872642517090e-02
1.614504680037498474e-02 9.652381762862205505e-03 2.821633219718933105e-02 3.825186565518379211e-02
2.375120483338832855e-02 1.196544989943504333e-02 3.322607278823852539e-02 5.785179138183593750e-02
9.213064610958099365e-02 1.247571595013141632e-02 3.489526361227035522e-02 1.116780787706375122e-01
7.070727646350860596e-02 1.273248717188835144e-02 3.136394545435905457e-02 1.115823462605476379e-01
2.473533339798450470e-02 1.112347096204757690e-02 3.058880008757114410e-02 1.099480465054512024e-01
2.985285408794879913e-02 1.064991299062967300e-02 2.799635194242000580e-02 8.390443772077560425e-02
4.228148236870765686e-02 6.186205893754959106e-03 1.571614854037761688e-02 8.329235762357711792e-02
4.369705915451049805e-02 6.270984187722206116e-03 9.425069205462932587e-03 8.628249168395996094e-02
5.042992532253265381e-02 7.573322858661413193e-03 9.115182794630527496e-03 1.101626455783843994e-01
5.131781846284866333e-02 7.608637679368257523e-03 1.087943837046623230e-02 1.332094967365264893e-01
3.725228831171989441e-02 9.245754219591617584e-03 1.197329349815845490e-02 1.200406253337860107e-01
6.465374678373336792e-02 1.141042355448007584e-02 2.146681025624275208e-02 1.606651246547698975e-01
1.139452755451202393e-01 1.154373306781053543e-02 3.068999759852886200e-02 1.987084299325942993e-01
4.281284287571907043e-02 9.131706319749355316e-03 3.865937888622283936e-02 1.068463698029518127e-01
4.953173547983169556e-02 8.160736411809921265e-03 2.697112038731575012e-02 1.024004742503166199e-01
5.405503511428833008e-02 7.950861938297748566e-03 2.662570029497146606e-02 6.904976069927215576e-02
5.084211751818656921e-02 6.925019435584545135e-03 2.566169202327728271e-02 6.265878677368164062e-02
5.486183241009712219e-02 7.199937477707862854e-03 1.835651323199272156e-02 6.258524209260940552e-02
5.183059722185134888e-02 8.553945459425449371e-03 3.033251129090785980e-02 7.489158958196640015e-02
6.434789299964904785e-02 7.216077763587236404e-03 3.203293681144714355e-02 9.654076397418975830e-02
1.701997667551040649e-01 1.480807550251483917e-02 4.548016190528869629e-02 1.136576756834983826e-01
1.380579620599746704e-01 1.586082763969898224e-02 4.722343385219573975e-02 1.046835482120513916e-01
1.057960093021392822e-01 1.335096452385187149e-02 2.962004579603672028e-02 1.218874976038932800e-01
1.430561095476150513e-01 1.640540920197963715e-02 3.069993667304515839e-02 1.106639057397842407e-01
1.819258332252502441e-01 1.651555486023426056e-02 3.364995494484901428e-02 1.011517494916915894e-01
6.986103206872940063e-02 2.527057565748691559e-02 2.804415673017501831e-02 4.928805306553840637e-02
1.166134476661682129e-01 4.022260755300521851e-02 4.281447455286979675e-02 5.171481519937515259e-02
2.684001028537750244e-01 5.191349610686302185e-02 5.288757383823394775e-02 1.298891752958297729e-01
2.577860951423645020e-01 7.121390849351882935e-02 7.422227412462234497e-02 1.393381804227828979e-01
2.459955662488937378e-01 7.092254608869552612e-02 5.772939696907997131e-02 1.027360558509826660e-01
2.719327807426452637e-01 7.017841190099716187e-02 7.527900487184524536e-02 1.348221153020858765e-01
1.501147001981735229e-01 8.900293707847595215e-02 7.636658847332000732e-02 9.091813117265701294e-02
1.747910976409912109e-01 1.206479594111442566e-01 8.203636109828948975e-02 1.140035390853881836e-01
2.645032703876495361e-01 1.371112763881683350e-01 9.650192409753799438e-02 1.618549376726150513e-01
2.716243565082550049e-01 1.329807490110397339e-01 9.847865253686904907e-02 1.637251228094100952e-01
1.915429383516311646e-01 1.320082098245620728e-01 6.173932179808616638e-02 1.126322448253631592e-01
2.107517570257186890e-01 9.490980207920074463e-02 3.103702515363693237e-02 9.891674667596817017e-02
2.702068388462066650e-01 8.490996807813644409e-02 3.018526546657085419e-02 1.191319972276687622e-01
2.351122051477432251e-01 1.143953129649162292e-01 2.713455632328987122e-02 7.407671958208084106e-02
1.962062865495681763e-01 1.079796180129051208e-01 3.621324896812438965e-02 7.399478554725646973e-02
1.738094389438629150e-01 1.143059432506561279e-01 5.026930198073387146e-02 8.630243688821792603e-02
1.800799220800399780e-01 1.143795624375343323e-01 6.298020482063293457e-02 1.217410117387771606e-01
9.927533566951751709e-02 1.174649968743324280e-01 8.694367855787277222e-02 8.842324465513229370e-02
1.000949218869209290e-01 1.169146969914436340e-01 7.705164700746536255e-02 1.204198598861694336e-01
1.140772253274917603e-01 1.162057667970657349e-01 5.760400742292404175e-02 8.849706500768661499e-02
1.266020238399505615e-01 1.118016988039016724e-01 6.343330442905426025e-02 9.097689390182495117e-02
8.745290338993072510e-02 1.077486500144004822e-01 6.739107519388198853e-02 7.964688539505004883e-02
1.469939798116683960e-01 1.000292226672172546e-01 8.214904367923736572e-02 1.131454184651374817e-01
1.102075278759002686e-01 9.273839741945266724e-02 6.729459762573242188e-02 8.798272907733917236e-02
9.917701035737991333e-02 9.396360814571380615e-02 8.783005177974700928e-02 8.104085922241210938e-02
7.436217367649078369e-02 1.094315275549888611e-01 7.246777415275573730e-02 4.737975075840950012e-02
4.671825841069221497e-02 1.068451628088951111e-01 8.483597636222839355e-02 2.749341353774070740e-02
2.269374392926692963e-02 4.375084117054939270e-02 3.744686767458915710e-02 3.506127372384071350e-02
3.384456411004066467e-02 1.716760732233524323e-02 1.833388954401016235e-02 2.531335875391960144e-02
2.049747481942176819e-02 7.560153026133775711e-03 1.018563937395811081e-02 5.094124004244804382e-03
