##############################################################################
# ProQ3 result file
# Generated from https://proq3.bioinfo.se at 2022-05-07 23:50:17 CEST
# Options for Proq3: ['-r', 'yes', '-deep', 'yes', '-k', 'yes', '-quality', 'sscore', '-output_pdbs', 'yes']
# Total request time: 7403.5 seconds.
# Number of finished models: 1
##############################################################################

# Global scores
#      Model       ProQ2D  ProQRosCenD   ProQRosFAD       ProQ3D
      model_0     0.100881     0.053859     0.072285     0.082843

# Local scores

# Model 0
ProQ2D ProQRosCenD ProQRosFAD ProQ3D
8.529343631380470470e-08 1.673248771112412214e-04 8.803565986454486847e-03 3.305932807506906101e-07
7.298922355403192341e-07 5.359641509130597115e-04 7.423209957778453827e-03 1.836312577552234870e-07
5.847441642004014284e-08 9.034584509208798409e-04 8.312578313052654266e-03 6.059964903215586673e-07
1.884536615648357838e-08 8.836745982989668846e-04 1.180269941687583923e-02 1.270094145411349018e-07
1.943689875716358983e-09 6.204004166647791862e-04 9.638389572501182556e-03 3.600965570171865693e-08
1.597279600251688692e-11 5.328648258000612259e-04 9.102431125938892365e-03 7.463398787876940332e-09
9.489415329910766417e-12 4.256134561728686094e-04 8.755533955991268158e-03 5.931971358563714602e-09
1.565444475437605121e-11 9.242785745300352573e-04 1.190777681767940521e-02 1.021547024748770127e-08
1.309041069985639183e-11 7.786675705574452877e-04 1.161465793848037720e-02 8.614011726137960068e-09
2.030350020054694227e-11 1.354286796413362026e-03 1.275737397372722626e-02 1.091916335127507409e-08
1.769518385985602293e-11 1.124320318922400475e-03 8.919250220060348511e-03 8.391277006580821762e-09
1.444720992144210570e-11 1.179893035441637039e-03 1.062054187059402466e-02 1.237940594478459388e-08
4.267877717900603329e-11 2.854000777006149292e-03 1.290151942521333694e-02 2.662701525935062818e-08
5.495262332260608673e-03 8.549534715712070465e-03 2.492828480899333954e-02 1.140622887760400772e-02
1.296823192387819290e-02 5.682198796421289444e-03 1.881923526525497437e-02 4.714682698249816895e-03
2.643443271517753601e-02 8.605143986642360687e-03 2.438962459564208984e-02 4.369186703115701675e-03
3.065576031804084778e-02 7.681516930460929871e-03 2.225915156304836273e-02 3.886639606207609177e-03
5.086940154433250427e-02 1.494413055479526520e-02 3.662041202187538147e-02 6.358260288834571838e-03
7.535888999700546265e-02 1.766487397253513336e-02 4.526373371481895447e-02 1.088378019630908966e-02
6.278464943170547485e-02 2.138908021152019501e-02 5.369488894939422607e-02 1.374691631644964218e-02
7.636328041553497314e-02 2.041388303041458130e-02 4.244127124547958374e-02 1.605239510536193848e-02
9.321828186511993408e-02 5.412422493100166321e-02 6.950520724058151245e-02 2.252877503633499146e-02
8.919419348239898682e-02 1.082862094044685364e-01 8.400090783834457397e-02 3.189823776483535767e-02
8.479396253824234009e-02 1.112862378358840942e-01 1.313989460468292236e-01 4.279454797506332397e-02
1.294101625680923462e-01 9.213864803314208984e-02 1.255766153335571289e-01 7.514965534210205078e-02
1.808113455772399902e-01 7.695244997739791870e-02 1.398314088582992554e-01 1.141992807388305664e-01
1.495060622692108154e-01 1.052998527884483337e-01 1.733665913343429565e-01 1.156847476959228516e-01
1.534135341644287109e-01 1.045124828815460205e-01 1.680719405412673950e-01 9.820421040058135986e-02
1.609848737716674805e-01 1.121082603931427002e-01 1.759451329708099365e-01 1.117488443851470947e-01
1.684563606977462769e-01 1.262142062187194824e-01 1.890087872743606567e-01 1.178148314356803894e-01
1.898701041936874390e-01 1.402170807123184204e-01 1.892011910676956177e-01 1.260049194097518921e-01
1.795008480548858643e-01 1.099194213747978210e-01 1.636453717947006226e-01 1.245745420455932617e-01
1.315279603004455566e-01 8.830255270004272461e-02 1.487847864627838135e-01 9.879533946514129639e-02
1.565185636281967163e-01 1.024979948997497559e-01 1.367192119359970093e-01 1.156732589006423950e-01
1.604670137166976929e-01 9.829249978065490723e-02 1.236461624503135681e-01 9.816325455904006958e-02
1.307006478309631348e-01 1.257634907960891724e-01 1.520112752914428711e-01 1.056107953190803528e-01
1.532050818204879761e-01 1.138576567173004150e-01 1.419141739606857300e-01 1.037565395236015320e-01
1.385426074266433716e-01 8.926751464605331421e-02 1.136440783739089966e-01 9.100801497697830200e-02
1.366214454174041748e-01 9.916376322507858276e-02 1.288187056779861450e-01 1.028757393360137939e-01
1.130465492606163025e-01 1.342369765043258667e-01 1.315187066793441772e-01 1.051043942570686340e-01
7.127019017934799194e-02 7.045812904834747314e-02 9.930089861154556274e-02 8.436994999647140503e-02
5.540384724736213684e-02 5.565742403268814087e-02 9.161618351936340332e-02 6.321922689676284790e-02
5.621496587991714478e-02 6.750068068504333496e-02 8.516959100961685181e-02 5.428359657526016235e-02
4.674998298287391663e-02 5.757221579551696777e-02 8.393719792366027832e-02 6.253486126661300659e-02
4.279331490397453308e-02 5.951110273599624634e-02 8.198965340852737427e-02 6.514009088277816772e-02
4.202146455645561218e-02 5.535043030977249146e-02 8.542627841234207153e-02 5.574275925755500793e-02
3.329598158597946167e-02 4.102886468172073364e-02 8.213694393634796143e-02 5.530705302953720093e-02
2.840678207576274872e-02 3.827189654111862183e-02 7.417494803667068481e-02 5.631037801504135132e-02
2.962573990225791931e-02 2.960157580673694611e-02 6.263106316328048706e-02 4.758231714367866516e-02
3.411832824349403381e-02 2.788390219211578369e-02 6.252221018075942993e-02 5.637399852275848389e-02
4.986149817705154419e-02 2.285904996097087860e-02 3.830433264374732971e-02 5.119811743497848511e-02
5.710868164896965027e-02 2.481129765510559082e-02 4.728791490197181702e-02 6.378466635942459106e-02
4.292557016015052795e-02 3.171480447053909302e-02 4.931113868951797485e-02 6.251296401023864746e-02
5.214840918779373169e-02 3.248468041419982910e-02 5.633230134844779968e-02 6.414987146854400635e-02
3.877160698175430298e-02 3.775671869516372681e-02 4.877512529492378235e-02 6.579959392547607422e-02
5.153300240635871887e-02 3.034523315727710724e-02 4.292924329638481140e-02 4.461654648184776306e-02
5.252725258469581604e-02 3.331927210092544556e-02 5.195399746298789978e-02 3.725654631853103638e-02
6.649380922317504883e-02 4.812350124120712280e-02 5.889577418565750122e-02 4.745306819677352905e-02
7.689128816127777100e-02 5.462251603603363037e-02 6.857734918594360352e-02 5.493471771478652954e-02
7.188905030488967896e-02 3.761634975671768188e-02 5.817214027047157288e-02 5.587572976946830750e-02
6.704034656286239624e-02 4.044367745518684387e-02 6.661563366651535034e-02 6.156575307250022888e-02
5.405490100383758545e-02 2.606320939958095551e-02 5.903776735067367554e-02 5.029162764549255371e-02
5.852667242288589478e-02 3.453325107693672180e-02 7.491768151521682739e-02 6.085907295346260071e-02
6.338805705308914185e-02 4.318318516016006470e-02 7.798761874437332153e-02 6.533870100975036621e-02
6.182016804814338684e-02 2.887280471622943878e-02 5.575148016214370728e-02 5.221154168248176575e-02
4.919747263193130493e-02 1.356699876487255096e-02 4.114594683051109314e-02 3.675118833780288696e-02
5.306262522935867310e-02 1.120985206216573715e-02 3.726764768362045288e-02 2.236397378146648407e-02
4.967827349901199341e-02 8.781350217759609222e-03 3.388504311442375183e-02 2.168733067810535431e-02
4.481140524148941040e-02 1.140466425567865372e-02 3.512620925903320312e-02 2.939323522150516510e-02
5.469598993659019470e-02 1.602747850120067596e-02 3.899807110428810120e-02 2.608073502779006958e-02
4.751755297183990479e-02 1.342024095356464386e-02 2.825693786144256592e-02 3.045490570366382599e-02
3.463047370314598083e-02 1.492340862751007080e-02 2.631031349301338196e-02 2.457995712757110596e-02
5.213598906993865967e-02 9.441621601581573486e-03 2.086468413472175598e-02 2.808439172804355621e-02
3.871819749474525452e-02 1.018398627638816833e-02 1.792569458484649658e-02 4.021496698260307312e-02
5.365527793765068054e-02 9.631446562707424164e-03 2.383750304579734802e-02 2.599720284342765808e-02
6.128607317805290222e-02 8.796500042080879211e-03 2.734636887907981873e-02 2.625427022576332092e-02
7.118346542119979858e-02 6.817135959863662720e-03 1.991776376962661743e-02 2.082137390971183777e-02
8.401945233345031738e-02 1.908141747117042542e-02 3.366866707801818848e-02 3.833679109811782837e-02
9.537435322999954224e-02 3.141805529594421387e-02 5.324672162532806396e-02 5.125992745161056519e-02
1.087243258953094482e-01 3.167114406824111938e-02 5.680525302886962891e-02 5.820905417203903198e-02
1.385740637779235840e-01 3.208132460713386536e-02 5.487377569079399109e-02 6.052659824490547180e-02
1.347053647041320801e-01 2.560201101005077362e-02 4.254964366555213928e-02 5.833757668733596802e-02
1.406458914279937744e-01 2.692205272614955902e-02 4.880987107753753662e-02 7.236891239881515503e-02
1.370779275894165039e-01 3.612656518816947937e-02 7.169628888368606567e-02 6.712533533573150635e-02
1.290109157562255859e-01 4.874117672443389893e-02 8.394806832075119019e-02 7.987092435359954834e-02
1.476144343614578247e-01 6.778267025947570801e-02 1.039319783449172974e-01 8.709953725337982178e-02
1.744318604469299316e-01 8.974137902259826660e-02 1.241219267249107361e-01 9.947619587182998657e-02
1.901176422834396362e-01 1.032091826200485229e-01 1.568338871002197266e-01 9.759759902954101562e-02
2.045339494943618774e-01 8.249514549970626831e-02 1.496941000223159790e-01 1.019107252359390259e-01
1.783520877361297607e-01 9.033119678497314453e-02 1.587162911891937256e-01 1.336188763380050659e-01
2.140581160783767700e-01 1.497566848993301392e-01 1.626825034618377686e-01 1.206780523061752319e-01
2.017649114131927490e-01 1.253892332315444946e-01 1.694781184196472168e-01 1.178506463766098022e-01
1.472473293542861938e-01 5.880195274949073792e-02 1.388248801231384277e-01 8.920258283615112305e-02
1.349033713340759277e-01 4.296196252107620239e-02 9.471093863248825073e-02 8.506569266319274902e-02
1.181984990835189819e-01 4.915677011013031006e-02 6.226301565766334534e-02 7.902615517377853394e-02
1.049302816390991211e-01 5.817781016230583191e-02 6.848914921283721924e-02 6.360809504985809326e-02
9.728571772575378418e-02 6.272688508033752441e-02 6.772626936435699463e-02 8.386144042015075684e-02
9.412264078855514526e-02 7.500144839286804199e-02 8.619214594364166260e-02 7.702076435089111328e-02
1.107422113418579102e-01 5.688363313674926758e-02 6.888377666473388672e-02 7.005581259727478027e-02
1.307625174522399902e-01 4.820184409618377686e-02 7.236071676015853882e-02 8.628638088703155518e-02
1.192856803536415100e-01 3.854838386178016663e-02 5.073106661438941956e-02 1.073340848088264465e-01
1.265315711498260498e-01 3.687806800007820129e-02 5.078197643160820007e-02 8.537964522838592529e-02
1.271758973598480225e-01 4.108984768390655518e-02 7.547917217016220093e-02 6.901750713586807251e-02
9.760387986898422241e-02 4.092921689152717590e-02 6.627047806978225708e-02 4.787452518939971924e-02
7.778125256299972534e-02 3.295441716909408569e-02 5.348794162273406982e-02 3.635858371853828430e-02
6.098361685872077942e-02 4.987974464893341064e-02 8.134838938713073730e-02 4.438869282603263855e-02
1.142502725124359131e-01 4.324703663587570190e-02 7.917082309722900391e-02 5.865216627717018127e-02
8.387625962495803833e-02 3.502259403467178345e-02 6.248915567994117737e-02 4.582353681325912476e-02
7.496536523103713989e-02 3.210484609007835388e-02 5.326121672987937927e-02 4.565216973423957825e-02
7.749631255865097046e-02 2.885526977479457855e-02 5.973866581916809082e-02 5.821944400668144226e-02
1.014021784067153931e-01 2.767143771052360535e-02 6.223672255873680115e-02 5.458062142133712769e-02
9.175865352153778076e-02 6.846912205219268799e-02 1.032751873135566711e-01 6.504581123590469360e-02
1.307353079319000244e-01 6.457296758890151978e-02 9.507896006107330322e-02 8.976344764232635498e-02
1.167586296796798706e-01 3.068626672029495239e-02 3.696653619408607483e-02 6.518219411373138428e-02
8.782359212636947632e-02 2.726336568593978882e-02 3.241688385605812073e-02 4.796840250492095947e-02
6.469065696001052856e-02 3.355659171938896179e-02 3.771284595131874084e-02 3.727856278419494629e-02
5.309076234698295593e-02 4.611228033900260925e-02 5.271564051508903503e-02 4.040582478046417236e-02
9.942828118801116943e-02 5.241668969392776489e-02 6.926358491182327271e-02 4.233876988291740417e-02
1.771510541439056396e-01 3.653007373213768005e-02 7.086663693189620972e-02 7.061736285686492920e-02
1.305890977382659912e-01 6.072546169161796570e-02 8.029130101203918457e-02 6.245879828929901123e-02
1.251807510852813721e-01 4.998795315623283386e-02 6.185287609696388245e-02 5.801772698760032654e-02
1.821872144937515259e-01 5.760901793837547302e-02 9.315618872642517090e-02 7.552588731050491333e-02
1.951490491628646851e-01 4.682197794318199158e-02 6.644591689109802246e-02 6.075309962034225464e-02
1.225082725286483765e-01 3.824985027313232422e-02 5.486413091421127319e-02 4.869138076901435852e-02
1.148857250809669495e-01 4.131530970335006714e-02 5.680208653211593628e-02 5.275410786271095276e-02
1.054652929306030273e-01 2.822380512952804565e-02 5.780650675296783447e-02 3.727200254797935486e-02
1.138182133436203003e-01 1.859528943896293640e-02 4.888767004013061523e-02 5.376002937555313110e-02
1.105323433876037598e-01 1.681763678789138794e-02 2.760297805070877075e-02 4.510340839624404907e-02
9.735638648271560669e-02 1.230188738554716110e-02 1.901350915431976318e-02 4.339631274342536926e-02
9.798981249332427979e-02 1.288768742233514786e-02 1.801360212266445160e-02 6.063444167375564575e-02
9.555053710937500000e-02 2.127997204661369324e-02 2.509177662432193756e-02 7.863816618919372559e-02
1.052752658724784851e-01 3.581823036074638367e-02 2.880288101732730865e-02 6.950637698173522949e-02
9.924393892288208008e-02 4.147943481802940369e-02 2.223226800560951233e-02 6.210257858037948608e-02
8.793097734451293945e-02 4.676195979118347168e-02 2.800236083567142487e-02 6.040040776133537292e-02
8.790241181850433350e-02 2.947417646646499634e-02 1.612064614892005920e-02 5.138670280575752258e-02
4.011192545294761658e-02 1.973207294940948486e-02 9.503709152340888977e-03 3.737253323197364807e-02
3.613215312361717224e-02 1.138972304761409760e-02 6.535855121910572052e-03 2.911986224353313446e-02
4.667744785547256470e-02 1.249942462891340256e-02 7.157012820243835449e-03 2.214990369975566864e-02
4.716297239065170288e-02 1.113163493573665619e-02 7.963218726217746735e-03 1.878071390092372894e-02
4.993559047579765320e-02 1.226460188627243042e-02 9.928569197654724121e-03 1.936568506062030792e-02
4.858966916799545288e-02 1.109895016998052597e-02 8.945446461439132690e-03 1.982714049518108368e-02
4.416620731353759766e-02 1.705690473318099976e-02 1.284944731742143631e-02 2.402102947235107422e-02
5.832628533244132996e-02 1.610471867024898529e-02 1.293281838297843933e-02 2.483315393328666687e-02
7.149135321378707886e-02 2.518656663596630096e-02 2.356562390923500061e-02 2.992665208876132965e-02
7.371461391448974609e-02 3.132712841033935547e-02 2.892166562378406525e-02 2.774093113839626312e-02
7.823111116886138916e-02 2.643563598394393921e-02 4.273660108447074890e-02 2.754833362996578217e-02
9.112580865621566772e-02 2.684343978762626648e-02 3.810140118002891541e-02 3.339038789272308350e-02
9.582096338272094727e-02 2.881437540054321289e-02 4.920430853962898254e-02 3.075909055769443512e-02
6.133975461125373840e-02 1.782585680484771729e-02 3.285083919763565063e-02 2.267264947295188904e-02
4.140391573309898376e-02 1.893382705748081207e-02 2.281511388719081879e-02 1.859841868281364441e-02
8.106868714094161987e-02 2.743088267743587494e-02 4.099598899483680725e-02 2.683851495385169983e-02
8.011125028133392334e-02 4.311380907893180847e-02 4.902348294854164124e-02 2.844300307333469391e-02
6.075055524706840515e-02 3.326451778411865234e-02 5.662221089005470276e-02 2.430181205272674561e-02
7.208204269409179688e-02 3.351106122136116028e-02 5.595800653100013733e-02 3.034492582082748413e-02
9.440868347883224487e-02 1.984429545700550079e-02 4.162044078111648560e-02 2.968501113355159760e-02
9.897887706756591797e-02 2.676357328891754150e-02 5.206344649195671082e-02 3.450150415301322937e-02
9.973809123039245605e-02 3.001854754984378815e-02 4.939483106136322021e-02 3.744681552052497864e-02
9.612112492322921753e-02 3.715316578745841980e-02 6.088513135910034180e-02 4.043295606970787048e-02
1.039570271968841553e-01 4.582849889993667603e-02 6.277460604906082153e-02 4.559751227498054504e-02
1.036497503519058228e-01 3.238214179873466492e-02 7.290584594011306763e-02 4.149965941905975342e-02
1.243604272603988647e-01 3.336837142705917358e-02 7.071727514266967773e-02 4.864584282040596008e-02
1.714548617601394653e-01 2.781333215534687042e-02 6.307776272296905518e-02 5.253248289227485657e-02
1.564779728651046753e-01 2.179311215877532959e-02 5.166265740990638733e-02 5.887979641556739807e-02
1.688179522752761841e-01 2.716758102178573608e-02 4.314216598868370056e-02 5.078918486833572388e-02
1.488557904958724976e-01 2.457607723772525787e-02 4.189516603946685791e-02 5.920616164803504944e-02
1.482784748077392578e-01 2.162431925535202026e-02 4.120209068059921265e-02 6.338538974523544312e-02
1.586424410343170166e-01 2.013689279556274414e-02 3.219449520111083984e-02 4.284664988517761230e-02
1.676118224859237671e-01 1.869075186550617218e-02 4.919406026601791382e-02 9.001000225543975830e-02
1.665595471858978271e-01 2.777906320989131927e-02 6.663330644369125366e-02 5.883869901299476624e-02
1.454373747110366821e-01 2.547791972756385803e-02 7.801405340433120728e-02 6.081226840615272522e-02
1.023857295513153076e-01 1.943369582295417786e-02 6.669521331787109375e-02 4.009348899126052856e-02
1.106790006160736084e-01 2.552044577896595001e-02 6.200848147273063660e-02 4.300542920827865601e-02
8.850673586130142212e-02 1.594951003789901733e-02 4.787525534629821777e-02 4.258039593696594238e-02
1.119549721479415894e-01 1.295810379087924957e-02 3.229050710797309875e-02 5.114569142460823059e-02
9.844534099102020264e-02 1.700573600828647614e-02 3.186365962028503418e-02 6.744323670864105225e-02
9.763153642416000366e-02 2.285217493772506714e-02 4.235266521573066711e-02 6.955410540103912354e-02
1.020710766315460205e-01 3.447837382555007935e-02 5.089677125215530396e-02 8.088517189025878906e-02
1.380439549684524536e-01 6.234000995755195618e-02 6.370105594396591187e-02 1.150693595409393311e-01
1.248722299933433533e-01 4.741655662655830383e-02 5.949187651276588440e-02 1.010561063885688782e-01
1.704577058553695679e-01 4.937930777668952942e-02 8.433631062507629395e-02 1.597572863101959229e-01
1.617839932441711426e-01 5.542501434683799744e-02 8.489620685577392578e-02 1.504754424095153809e-01
1.677013486623764038e-01 4.562786966562271118e-02 9.162090718746185303e-02 1.400211453437805176e-01
1.516169309616088867e-01 6.073084846138954163e-02 1.030055731534957886e-01 1.385051459074020386e-01
1.145171001553535461e-01 7.079797238111495972e-02 1.078723967075347900e-01 1.473945081233978271e-01
1.072201728820800781e-01 5.727323144674301147e-02 1.120347827672958374e-01 1.360506415367126465e-01
1.038545742630958557e-01 5.363022536039352417e-02 9.951829910278320312e-02 1.117047816514968872e-01
1.046946793794631958e-01 3.090356662869453430e-02 7.618948072195053101e-02 1.128358766436576843e-01
1.196399405598640442e-01 3.588088601827621460e-02 7.225414365530014038e-02 1.156982332468032837e-01
1.458651423454284668e-01 4.855871945619583130e-02 8.346810936927795410e-02 1.158555150032043457e-01
1.273986399173736572e-01 4.019750282168388367e-02 7.014304399490356445e-02 1.110319718718528748e-01
1.220067590475082397e-01 4.929669946432113647e-02 7.332289963960647583e-02 1.062739789485931396e-01
1.113898158073425293e-01 3.884429484605789185e-02 5.092198774218559265e-02 1.069746464490890503e-01
9.405201673507690430e-02 3.659554198384284973e-02 6.009638682007789612e-02 6.883876025676727295e-02
6.305114179849624634e-02 4.940737411379814148e-02 6.190155074000358582e-02 6.448940187692642212e-02
7.845932245254516602e-02 5.278848111629486084e-02 6.040948629379272461e-02 7.359475642442703247e-02
8.188488334417343140e-02 4.629322886466979980e-02 5.961846560239791870e-02 9.856132417917251587e-02
1.337666064500808716e-01 4.714856296777725220e-02 1.031389683485031128e-01 1.351721137762069702e-01
1.378540992736816406e-01 4.554848000407218933e-02 9.557726234197616577e-02 1.080826520919799805e-01
1.029355153441429138e-01 2.558122016489505768e-02 6.604199856519699097e-02 9.304062277078628540e-02
7.531682401895523071e-02 3.200808539986610413e-02 6.514228135347366333e-02 8.413997292518615723e-02
7.414029538631439209e-02 3.563952445983886719e-02 5.925012007355690002e-02 1.253068745136260986e-01
5.742365866899490356e-02 5.800160765647888184e-02 7.002854347229003906e-02 7.644110172986984253e-02
3.732400014996528625e-02 4.905393719673156738e-02 5.185423418879508972e-02 5.087221041321754456e-02
4.868170619010925293e-02 4.330640286207199097e-02 5.146220698952674866e-02 6.278522312641143799e-02
5.313301458954811096e-02 3.613536059856414795e-02 4.290473088622093201e-02 9.784726053476333618e-02
7.229319214820861816e-02 5.561930313706398010e-02 5.943956226110458374e-02 1.094082221388816833e-01
9.354378283023834229e-02 5.208003893494606018e-02 5.214364826679229736e-02 7.950557768344879150e-02
7.398859411478042603e-02 4.863366484642028809e-02 4.227450117468833923e-02 7.416127622127532959e-02
6.967445462942123413e-02 3.660123422741889954e-02 2.810344099998474121e-02 6.148533150553703308e-02
5.657523497939109802e-02 2.189584448933601379e-02 2.460112236440181732e-02 3.773507103323936462e-02
5.429053679108619690e-02 2.370180934667587280e-02 2.509162575006484985e-02 2.764981426298618317e-02
4.180924594402313232e-02 3.324160724878311157e-02 1.984149590134620667e-02 2.664102986454963684e-02
5.291655287146568298e-02 2.214397490024566650e-02 1.535474695265293121e-02 2.775701694190502167e-02
4.129454120993614197e-02 3.008513897657394409e-02 1.259767729789018631e-02 1.844771578907966614e-02
4.684028401970863342e-02 2.561096847057342529e-02 1.206014677882194519e-02 2.046443894505500793e-02
7.328320294618606567e-02 2.535211108624935150e-02 1.374674215912818909e-02 2.294977940618991852e-02
9.175412356853485107e-02 2.837298624217510223e-02 1.277006976306438446e-02 3.396881371736526489e-02
1.655158549547195435e-01 3.403978422284126282e-02 2.503004670143127441e-02 7.225567847490310669e-02
1.033441349864006042e-01 2.970256097614765167e-02 2.578177303075790405e-02 3.642317652702331543e-02
9.236653149127960205e-02 3.841593116521835327e-02 3.409367427229881287e-02 5.006441101431846619e-02
8.747429400682449341e-02 4.806816950440406799e-02 3.478115424513816833e-02 6.228044629096984863e-02
9.268815815448760986e-02 4.041299968957901001e-02 2.339264005422592163e-02 5.658088624477386475e-02
7.869073003530502319e-02 4.344026744365692139e-02 2.256400510668754578e-02 6.185792759060859680e-02
7.210599631071090698e-02 2.952801436185836792e-02 2.547294832766056061e-02 6.411142647266387939e-02
8.663306385278701782e-02 2.028724923729896545e-02 2.365550585091114044e-02 5.576070770621299744e-02
1.182712242007255554e-01 2.886687591671943665e-02 3.076685965061187744e-02 8.654234558343887329e-02
1.432814747095108032e-01 3.949479013681411743e-02 4.457538574934005737e-02 7.617692649364471436e-02
1.398060172796249390e-01 4.922477900981903076e-02 6.599093228578567505e-02 8.078702539205551147e-02
1.572742909193038940e-01 3.437298536300659180e-02 5.544004216790199280e-02 8.518663048744201660e-02
1.852278560400009155e-01 4.506835713982582092e-02 7.171380519866943359e-02 1.005462557077407837e-01
1.816214621067047119e-01 4.474527388811111450e-02 6.758036464452743530e-02 1.360841691493988037e-01
1.338265538215637207e-01 3.833393380045890808e-02 6.659696996212005615e-02 9.296202659606933594e-02
7.295851409435272217e-02 3.286968916654586792e-02 5.201175808906555176e-02 7.195896655321121216e-02
7.061759382486343384e-02 1.941101439297199249e-02 3.815428540110588074e-02 6.531190127134323120e-02
5.276609584689140320e-02 1.889881119132041931e-02 3.347104042768478394e-02 5.204986780881881714e-02
3.274887427687644958e-02 7.414698135107755661e-03 2.344303764402866364e-02 3.234509378671646118e-02
7.728741317987442017e-02 2.192435972392559052e-02 4.329475015401840210e-02 5.419662594795227051e-02
1.065304130315780640e-01 3.006665967404842377e-02 5.388703569769859314e-02 6.603776663541793823e-02
7.310138642787933350e-02 3.940265998244285583e-02 6.019456684589385986e-02 3.776812925934791565e-02
3.931952267885208130e-02 3.609038516879081726e-02 4.474760591983795166e-02 2.924869954586029053e-02
2.988806180655956268e-02 4.133549705147743225e-02 4.902092739939689636e-02 1.985857076942920685e-02
1.757407560944557190e-02 3.605039045214653015e-02 3.726686164736747742e-02 1.758674159646034241e-02
2.343384176492691040e-02 3.325176239013671875e-02 3.953900560736656189e-02 2.028376981616020203e-02
3.472018241882324219e-02 3.211917355656623840e-02 4.252916201949119568e-02 1.661076396703720093e-02
2.221250906586647034e-02 3.107798658311367035e-02 4.055824130773544312e-02 1.884322054684162140e-02
2.544218301773071289e-02 2.545477822422981262e-02 4.353794828057289124e-02 4.175928980112075806e-02
2.313950844109058380e-02 2.862911485135555267e-02 4.703779518604278564e-02 4.155455902218818665e-02
1.410139072686433792e-02 2.107813395559787750e-02 4.471033066511154175e-02 3.498052433133125305e-02
9.837396442890167236e-03 2.569702453911304474e-02 3.833252936601638794e-02 3.458903357386589050e-02
2.172107063233852386e-02 3.156222403049468994e-02 5.411319434642791748e-02 5.127226561307907104e-02
2.251046895980834961e-02 3.337080776691436768e-02 5.102367699146270752e-02 5.343788117170333862e-02
2.056590840220451355e-02 3.014824911952018738e-02 3.887612745165824890e-02 3.227855265140533447e-02
1.506589818745851517e-02 2.474311180412769318e-02 4.193492978811264038e-02 3.421679139137268066e-02
1.968077383935451508e-02 2.627079375088214874e-02 5.113601684570312500e-02 5.757754668593406677e-02
1.255090534687042236e-02 2.346892841160297394e-02 3.825161233544349670e-02 3.950524702668190002e-02
1.257703546434640884e-02 1.364283356815576553e-02 2.619989030063152313e-02 3.326535969972610474e-02
2.396245859563350677e-02 1.544790901243686676e-02 2.968212589621543884e-02 3.862030431628227234e-02
3.889837861061096191e-02 1.823062635958194733e-02 2.941895648837089539e-02 5.373403429985046387e-02
2.920407429337501526e-02 1.757163926959037781e-02 2.366225235164165497e-02 2.654961310327053070e-02
4.638554528355598450e-02 2.520258724689483643e-02 3.061247244477272034e-02 2.584195882081985474e-02
8.930066227912902832e-02 3.429538384079933167e-02 4.186877235770225525e-02 4.062752053141593933e-02
7.272087037563323975e-02 3.386166691780090332e-02 4.011546820402145386e-02 2.735186740756034851e-02
1.044831648468971252e-01 3.728044778108596802e-02 4.725055024027824402e-02 6.443572789430618286e-02
1.023687943816184998e-01 5.136308073997497559e-02 4.876279458403587341e-02 7.587098330259323120e-02
6.922936439514160156e-02 3.859095275402069092e-02 6.051705405116081238e-02 8.092966675758361816e-02
4.807397350668907166e-02 3.045644797384738922e-02 4.700783640146255493e-02 7.905260473489761353e-02
8.763899654150009155e-02 1.892042160034179688e-02 4.588308557868003845e-02 8.045594394207000732e-02
1.383719891309738159e-01 2.425746247172355652e-02 5.480611324310302734e-02 1.028784886002540588e-01
1.399578750133514404e-01 3.232891857624053955e-02 5.148787423968315125e-02 7.917958498001098633e-02
1.978392452001571655e-01 2.942063100636005402e-02 6.964304298162460327e-02 1.280981600284576416e-01
2.416971921920776367e-01 6.301946938037872314e-02 1.106603667140007019e-01 1.696840077638626099e-01
2.574756741523742676e-01 8.407022058963775635e-02 1.146505475044250488e-01 1.451580375432968140e-01
2.412428557872772217e-01 5.018754675984382629e-02 1.056138351559638977e-01 1.373588889837265015e-01
2.468630373477935791e-01 2.682343125343322754e-02 7.693094760179519653e-02 1.300695389509201050e-01
1.899322718381881714e-01 1.646850816905498505e-02 6.290663033723831177e-02 1.063284724950790405e-01
2.189978063106536865e-01 3.330931439995765686e-02 6.943552941083908081e-02 1.244392469525337219e-01
2.229040712118148804e-01 6.010269001126289368e-02 9.375262260437011719e-02 1.593268662691116333e-01
2.528915703296661377e-01 5.794664844870567322e-02 1.072767898440361023e-01 1.578960120677947998e-01
1.919074952602386475e-01 5.877426266670227051e-02 9.054710716009140015e-02 1.396086961030960083e-01
1.721025556325912476e-01 5.634530633687973022e-02 9.894509613513946533e-02 1.266510486602783203e-01
8.878277242183685303e-02 6.061429157853126526e-02 7.666689157485961914e-02 8.654768019914627075e-02
5.688028410077095032e-02 4.454789683222770691e-02 5.440027639269828796e-02 6.662257015705108643e-02
6.754715740680694580e-02 2.331226132810115814e-02 4.041986912488937378e-02 8.748935163021087646e-02
7.063949108123779297e-02 3.594463691115379333e-02 4.347840696573257446e-02 7.994149625301361084e-02
9.083209186792373657e-02 3.998213261365890503e-02 3.741117566823959351e-02 5.845948681235313416e-02
8.253987878561019897e-02 2.729568257927894592e-02 3.753913566470146179e-02 7.507399469614028931e-02
5.296698957681655884e-02 1.762319356203079224e-02 4.118774831295013428e-02 5.398947373032569885e-02
5.638036876916885376e-02 2.742359414696693420e-02 4.952661693096160889e-02 5.529046058654785156e-02
6.585288047790527344e-02 2.365081384778022766e-02 4.537022486329078674e-02 5.493355169892311096e-02
7.566075772047042847e-02 2.536515705287456512e-02 6.379001587629318237e-02 9.511843323707580566e-02
1.447864472866058350e-01 4.962858930230140686e-02 8.510695397853851318e-02 1.201397702097892761e-01
1.462328433990478516e-01 4.105771332979202271e-02 9.444882720708847046e-02 1.281496286392211914e-01
1.158299744129180908e-01 2.632991969585418701e-02 7.783579081296920776e-02 1.208532825112342834e-01
1.662349402904510498e-01 2.617197670042514801e-02 7.726798206567764282e-02 1.180484592914581299e-01
1.509221941232681274e-01 5.028412491083145142e-02 7.592926174402236938e-02 1.355476826429367065e-01
1.385775506496429443e-01 5.560793355107307434e-02 9.390547126531600952e-02 1.445456892251968384e-01
1.141190156340599060e-01 5.563220381736755371e-02 6.832388788461685181e-02 1.308873444795608521e-01
7.466692477464675903e-02 4.541366547346115112e-02 4.412075877189636230e-02 1.055748835206031799e-01
7.712134718894958496e-02 5.203426256775856018e-02 6.455790251493453979e-02 1.082724183797836304e-01
7.637679576873779297e-02 5.191298201680183411e-02 5.596154555678367615e-02 8.076835423707962036e-02
6.132162362337112427e-02 3.009306453168392181e-02 4.509349167346954346e-02 6.701471656560897827e-02
6.447670608758926392e-02 3.365727514028549194e-02 4.333207383751869202e-02 6.123071163892745972e-02
6.944779306650161743e-02 3.186601027846336365e-02 4.031666740775108337e-02 7.350329309701919556e-02
7.880772650241851807e-02 2.630278840661048889e-02 3.721170127391815186e-02 5.621047317981719971e-02
8.348859101533889771e-02 1.992384344339370728e-02 3.103609383106231689e-02 5.660284310579299927e-02
2.582184784114360809e-02 2.141246199607849121e-02 2.447451837360858917e-02 3.417905047535896301e-02
1.581094786524772644e-02 2.133502066135406494e-02 2.001549489796161652e-02 2.351622842252254486e-02
1.384314149618148804e-02 1.671854034066200256e-02 1.344153378158807755e-02 1.532792299985885620e-02
1.722912676632404327e-02 1.334403734654188156e-02 1.718299649655818939e-02 1.920021511614322662e-02
2.428566664457321167e-02 2.006761915981769562e-02 2.311127446591854095e-02 2.440354414284229279e-02
2.122916467487812042e-02 1.553293317556381226e-02 2.201784402132034302e-02 2.727480605244636536e-02
4.769681766629219055e-02 1.323793083429336548e-02 2.273011021316051483e-02 4.440615326166152954e-02
3.652196004986763000e-02 1.166474167257547379e-02 2.635763585567474365e-02 3.453985974192619324e-02
4.089584946632385254e-02 1.352836191654205322e-02 2.355608157813549042e-02 3.762699291110038757e-02
4.759762063622474670e-02 1.355233509093523026e-02 2.271462976932525635e-02 3.876861184835433960e-02
3.845332935452461243e-02 1.242400798946619034e-02 2.986478060483932495e-02 3.083334118127822876e-02
1.809911616146564484e-02 1.507824286818504333e-02 4.184671118855476379e-02 2.410784550011157990e-02
6.694931536912918091e-02 1.760704442858695984e-02 4.924704506993293762e-02 3.593041375279426575e-02
8.293920010328292847e-02 1.599724590778350830e-02 6.111111119389533997e-02 3.664582222700119019e-02
8.578172326087951660e-02 2.068057656288146973e-02 7.022110372781753540e-02 4.271032288670539856e-02
4.182221740484237671e-02 2.930481731891632080e-02 8.688148856163024902e-02 2.801971882581710815e-02
2.571352198719978333e-02 2.875508740544319153e-02 9.202385693788528442e-02 2.923038043081760406e-02
2.808961272239685059e-02 3.895020857453346252e-02 1.021095141768455505e-01 3.840871155261993408e-02
1.144342049956321716e-01 5.666733533143997192e-02 1.223802790045738220e-01 7.392407953739166260e-02
7.742487639188766479e-02 5.421999841928482056e-02 1.268452107906341553e-01 8.611514419317245483e-02
6.847926974296569824e-02 6.201366707682609558e-02 1.398331969976425171e-01 7.696773111820220947e-02
5.479139462113380432e-02 6.848626583814620972e-02 1.408605873584747314e-01 6.612501293420791626e-02
5.719046294689178467e-02 6.187284365296363831e-02 1.243914067745208740e-01 5.076795816421508789e-02
5.061731114983558655e-02 4.943244904279708862e-02 1.327372193336486816e-01 4.668161645531654358e-02
7.834606617689132690e-02 5.716288089752197266e-02 1.120111122727394104e-01 6.855759024620056152e-02
1.087527275085449219e-01 4.207878932356834412e-02 1.483592242002487183e-01 7.808465510606765747e-02
1.084894463419914246e-01 1.088370084762573242e-01 1.782330274581909180e-01 6.419555097818374634e-02
1.018049642443656921e-01 1.263969242572784424e-01 1.965035647153854370e-01 7.464455813169479370e-02
9.559713304042816162e-02 1.618740409612655640e-01 1.852813214063644409e-01 5.467666313052177429e-02
1.195165216922760010e-01 1.361564099788665771e-01 1.505062580108642578e-01 5.113923549652099609e-02
1.183605417609214783e-01 1.322798430919647217e-01 1.519120186567306519e-01 5.126079916954040527e-02
1.065071746706962585e-01 1.496427208185195923e-01 1.434477120637893677e-01 5.400196835398674011e-02
1.040262728929519653e-01 1.728645414113998413e-01 1.544028520584106445e-01 4.933108389377593994e-02
8.634666353464126587e-02 1.942734271287918091e-01 8.607518672943115234e-02 3.317308798432350159e-02
1.296743899583816528e-01 1.676309704780578613e-01 1.006541997194290161e-01 6.990975886583328247e-02
1.242072135210037231e-01 1.903921514749526978e-01 1.016105785965919495e-01 4.324414581060409546e-02
7.633699476718902588e-02 1.987436711788177490e-01 1.312265843152999878e-01 3.841929882764816284e-02
9.315595030784606934e-02 1.695692986249923706e-01 1.012924984097480774e-01 3.931048139929771423e-02
7.989938557147979736e-02 2.434345632791519165e-01 9.660612046718597412e-02 4.177974909543991089e-02
7.425639033317565918e-02 1.994995623826980591e-01 5.949101969599723816e-02 2.961302176117897034e-02
6.224106624722480774e-02 1.909571141004562378e-01 5.498034507036209106e-02 2.045768313109874725e-02
4.669748246669769287e-02 1.030644476413726807e-01 3.311130404472351074e-02 1.845362968742847443e-02
4.065558314323425293e-02 9.822165220975875854e-02 3.424504026770591736e-02 1.417511142790317535e-02
2.466891147196292877e-02 8.183565735816955566e-02 5.010802671313285828e-02 1.241799443960189819e-02
5.574811622500419617e-02 6.815392524003982544e-02 5.282913520932197571e-02 2.799453027546405792e-02
3.174693882465362549e-02 6.840202957391738892e-02 5.136595293879508972e-02 2.836230024695396423e-02
5.132279917597770691e-02 5.803208798170089722e-02 4.992488026618957520e-02 2.239499427378177643e-02
4.980884492397308350e-02 4.819260165095329285e-02 4.218423366546630859e-02 1.780906878411769867e-02
2.955801598727703094e-02 3.566651791334152222e-02 4.595045372843742371e-02 1.253320090472698212e-02
3.833248466253280640e-02 2.502164058387279510e-02 4.222391173243522644e-02 1.706226356327533722e-02
3.944364935159683228e-02 2.137586846947669983e-02 3.699963539838790894e-02 1.307518966495990753e-02
3.207075595855712891e-02 1.627982780337333679e-02 2.992482483386993408e-02 7.283048704266548157e-03
3.081405349075794220e-02 1.345922518521547318e-02 2.703223563730716705e-02 1.058332342654466629e-02
5.052580311894416809e-02 8.425134234130382538e-03 3.000656887888908386e-02 1.198926754295825958e-02
2.786063402891159058e-02 6.017044652253389359e-03 2.685317769646644592e-02 1.156617607921361923e-02
1.487877313047647476e-02 5.223766900599002838e-03 1.763537339866161346e-02 6.636606529355049133e-03
2.753653936088085175e-02 4.330188035964965820e-03 1.522073615342378616e-02 9.582302533090114594e-03
3.720348328351974487e-02 3.695829771459102631e-03 1.177540607750415802e-02 1.385266147553920746e-02
2.679624594748020172e-02 3.821977414190769196e-03 1.683627627789974213e-02 1.007016468793153763e-02
1.553987618535757065e-02 1.409584283828735352e-02 2.675457112491130829e-02 9.908813051879405975e-03
8.854453451931476593e-03 1.583957672119140625e-02 3.000885806977748871e-02 1.028339844197034836e-02
4.296716675162315369e-02 2.034784108400344849e-02 6.258739531040191650e-02 2.168273180723190308e-02
3.296903893351554871e-02 2.001601271331310272e-02 5.009635165333747864e-02 2.681502327322959900e-02
1.354601327329874039e-02 2.667738124728202820e-02 4.299904033541679382e-02 2.375355921685695648e-02
3.880516439676284790e-02 2.820614911615848541e-02 5.180819705128669739e-02 4.042236506938934326e-02
6.076945364475250244e-02 2.901252917945384979e-02 5.484168231487274170e-02 5.536764860153198242e-02
6.998047232627868652e-02 4.753529652953147888e-02 6.993760913610458374e-02 6.872066855430603027e-02
5.969563871622085571e-02 5.842740833759307861e-02 6.657306849956512451e-02 5.360922217369079590e-02
7.441140711307525635e-02 4.378153011202812195e-02 6.367344409227371216e-02 5.238397046923637390e-02
9.405301511287689209e-02 3.920687735080718994e-02 6.416255235671997070e-02 8.080861717462539673e-02
1.412814259529113770e-01 5.566586926579475403e-02 9.017994999885559082e-02 1.192790791392326355e-01
1.599233150482177734e-01 4.740285128355026245e-02 9.175604581832885742e-02 1.280368864536285400e-01
1.164709255099296570e-01 3.443376719951629639e-02 6.344012171030044556e-02 1.276033520698547363e-01
1.066072732210159302e-01 4.031949862837791443e-02 6.031080335378646851e-02 7.095240056514739990e-02
8.476146310567855835e-02 3.261894360184669495e-02 5.286192893981933594e-02 7.780192792415618896e-02
1.066885963082313538e-01 3.618525713682174683e-02 5.444149672985076904e-02 1.005807369947433472e-01
1.378178298473358154e-01 4.638762399554252625e-02 5.714188888669013977e-02 6.503064185380935669e-02
1.786123663187026978e-01 6.006990373134613037e-02 7.123239338397979736e-02 8.685147762298583984e-02
1.910790950059890747e-01 5.925069004297256470e-02 6.828961521387100220e-02 7.563478499650955200e-02
1.409996896982192993e-01 4.556035995483398438e-02 5.863880738615989685e-02 5.786885693669319153e-02
8.907017856836318970e-02 2.176511473953723907e-02 3.473756089806556702e-02 5.257092043757438660e-02
8.334664255380630493e-02 2.270255424082279205e-02 2.826070226728916168e-02 4.683317244052886963e-02
9.553281962871551514e-02 3.772132471203804016e-02 4.795832186937332153e-02 5.608960241079330444e-02
1.373443007469177246e-01 4.384163022041320801e-02 5.252406001091003418e-02 5.343971401453018188e-02
1.362044960260391235e-01 3.809519857168197632e-02 6.356191635131835938e-02 8.639694005250930786e-02
1.282812207937240601e-01 4.123772680759429932e-02 6.197365373373031616e-02 1.022371575236320496e-01
9.996052086353302002e-02 2.479873597621917725e-02 5.983626097440719604e-02 7.867027074098587036e-02
1.110145822167396545e-01 2.254685945808887482e-02 4.143251851201057434e-02 8.029752969741821289e-02
1.068178862333297729e-01 2.859973907470703125e-02 5.065897479653358459e-02 7.884089648723602295e-02
9.581633657217025757e-02 3.122301958501338959e-02 6.138889119029045105e-02 9.089586883783340454e-02
1.194056421518325806e-01 3.215990960597991943e-02 5.405488982796669006e-02 1.012097522616386414e-01
1.428365260362625122e-01 5.454695969820022583e-02 8.351843059062957764e-02 1.024881228804588318e-01
9.643340855836868286e-02 5.664638429880142212e-02 8.471771329641342163e-02 9.130227565765380859e-02
5.923571437597274780e-02 4.717943072319030762e-02 7.527356594800949097e-02 6.606446951627731323e-02
3.999559581279754639e-02 3.728400543332099915e-02 7.093271613121032715e-02 5.842874944210052490e-02
4.295977577567100525e-02 3.164620697498321533e-02 6.030037254095077515e-02 6.934821605682373047e-02
4.316055402159690857e-02 3.388879075646400452e-02 5.714109167456626892e-02 8.750724047422409058e-02
3.969015926122665405e-02 2.377979084849357605e-02 4.748504236340522766e-02 8.065759390592575073e-02
3.837640956044197083e-02 2.060443162918090820e-02 4.310595989227294922e-02 5.974638089537620544e-02
2.787432633340358734e-02 1.986569538712501526e-02 4.880591854453086853e-02 6.859724223613739014e-02
3.144095465540885925e-02 2.213709428906440735e-02 3.405610844492912292e-02 6.602991372346878052e-02
2.362298406660556793e-02 2.032628469169139862e-02 3.596198186278343201e-02 7.792713493108749390e-02
4.327925667166709900e-02 3.092225827276706696e-02 5.818712338805198669e-02 1.034136861562728882e-01
4.431294649839401245e-02 4.211489111185073853e-02 5.082473531365394592e-02 1.119270473718643188e-01
2.291029319167137146e-02 3.404019773006439209e-02 3.661575540900230408e-02 5.179449543356895447e-02
2.001440897583961487e-02 1.883045956492424011e-02 2.247417345643043518e-02 4.318235069513320923e-02
1.546610798686742783e-02 1.809481531381607056e-02 1.941169984638690948e-02 3.585873171687126160e-02
1.036951690912246704e-02 1.321505289524793625e-02 1.758668385446071625e-02 3.332811221480369568e-02
9.256824851036071777e-03 9.621844626963138580e-03 1.830715499818325043e-02 3.761791437864303589e-02
2.039629779756069183e-02 9.550364688038825989e-03 1.960184797644615173e-02 5.287377163767814636e-02
1.647140458226203918e-02 1.252869889140129089e-02 2.067290619015693665e-02 5.883674323558807373e-02
1.152605190873146057e-02 9.913182817399501801e-03 1.867955550551414490e-02 3.310156613588333130e-02
1.045898441225290298e-02 9.186434559524059296e-03 1.429689768701791763e-02 2.598111890256404877e-02
1.112387981265783310e-02 1.277868729084730148e-02 1.910464465618133545e-02 2.897724881768226624e-02
8.917800150811672211e-03 1.314708776772022247e-02 1.318265218287706375e-02 2.684620581567287445e-02
1.362943556159734726e-02 1.357886008918285370e-02 1.444208249449729919e-02 2.591102942824363708e-02
1.185123249888420105e-02 1.083171367645263672e-02 1.578925922513008118e-02 2.259582467377185822e-02
1.215306483209133148e-02 8.014339953660964966e-03 1.648814417421817780e-02 2.929046191275119781e-02
2.942401543259620667e-02 4.337117541581392288e-03 1.816705055534839630e-02 3.827506303787231445e-02
1.193035766482353210e-02 2.371080685406923294e-03 1.284658070653676987e-02 2.867728471755981445e-02
1.169139519333839417e-02 4.609103780239820480e-03 1.138261146843433380e-02 1.915846765041351318e-02
1.180879026651382446e-02 4.404357634484767914e-03 9.294184856116771698e-03 2.377927117049694061e-02
1.916736364364624023e-02 4.919928032904863358e-03 1.033277902752161026e-02 2.832398004829883575e-02
1.751991175115108490e-02 2.254068152979016304e-03 7.946022786200046539e-03 2.018108032643795013e-02
1.456528063863515854e-02 2.066454151645302773e-03 8.294790983200073242e-03 1.176678109914064407e-02
1.093992777168750763e-02 1.563571277074515820e-03 8.181042969226837158e-03 1.209560967981815338e-02
1.874015480279922485e-02 6.413002498447895050e-03 1.926129497587680817e-02 2.757992409169673920e-02
2.611935138702392578e-02 1.118541229516267776e-02 2.259090170264244080e-02 3.187267482280731201e-02
2.407057955861091614e-02 1.189017295837402344e-02 3.563131392002105713e-02 3.881563991308212280e-02
2.859152667224407196e-02 8.252659812569618225e-03 2.944676578044891357e-02 4.960919544100761414e-02
2.654795534908771515e-02 4.771179053932428360e-03 2.958458848297595978e-02 5.461745709180831909e-02
3.278379142284393311e-02 6.834012921899557114e-03 2.269877865910530090e-02 2.731541357934474945e-02
2.025111392140388489e-02 1.087858155369758606e-02 2.530231885612010956e-02 1.893628574907779694e-02
2.350653521716594696e-02 9.678229689598083496e-03 1.993609219789505005e-02 1.790157705545425415e-02
3.221242502331733704e-02 1.399371400475502014e-02 3.816262260079383850e-02 5.185275524854660034e-02
4.026398807764053345e-02 1.713660173118114471e-02 4.561480134725570679e-02 6.878169625997543335e-02
3.057147003710269928e-02 2.728411927819252014e-02 5.598612502217292786e-02 7.884131371974945068e-02
5.277616530656814575e-02 1.790642365813255310e-02 4.144222661852836609e-02 6.857425719499588013e-02
5.077550560235977173e-02 1.753015816211700439e-02 4.234716296195983887e-02 7.097544521093368530e-02
8.029115945100784302e-02 1.961961947381496429e-02 2.412796951830387115e-02 3.897131234407424927e-02
9.273388236761093140e-02 2.304553426802158356e-02 4.517190903425216675e-02 5.343393981456756592e-02
8.273164182901382446e-02 2.588618174195289612e-02 4.344350844621658325e-02 3.861305490136146545e-02
1.003087013959884644e-01 2.282927185297012329e-02 4.268676787614822388e-02 4.473977908492088318e-02
8.037452399730682373e-02 1.850942149758338928e-02 3.328816965222358704e-02 6.845729053020477295e-02
3.462576493620872498e-02 1.903782226145267487e-02 3.062308765947818756e-02 2.238602750003337860e-02
2.057083696126937866e-02 2.060024067759513855e-02 2.727778069674968719e-02 1.548514328896999359e-02
1.942686364054679871e-02 2.039587311446666718e-02 2.714997343719005585e-02 1.247864775359630585e-02
3.041150048375129700e-02 2.011386863887310028e-02 2.206497639417648315e-02 1.763936504721641541e-02
4.798262566328048706e-02 1.429122127592563629e-02 2.158424444496631622e-02 3.203961998224258423e-02
2.319556288421154022e-02 1.063855458050966263e-02 1.704591698944568634e-02 2.715586870908737183e-02
1.172997057437896729e-02 8.569913916289806366e-03 1.294733118265867233e-02 2.409679256379604340e-02
6.812940351665019989e-03 5.988521967083215714e-03 1.063672732561826706e-02 1.637137308716773987e-02
7.201444357633590698e-03 5.761229433119297028e-03 9.504046291112899780e-03 9.384572505950927734e-03
7.477653678506612778e-03 7.012911140918731689e-03 7.659939117729663849e-03 6.645735353231430054e-03
8.685625158250331879e-03 8.113112300634384155e-03 1.167022343724966049e-02 8.177001029253005981e-03
9.499073959887027740e-03 6.474961526691913605e-03 1.021823287010192871e-02 8.110134862363338470e-03
9.286512620747089386e-03 1.299581769853830338e-02 7.869101129472255707e-03 8.816495537757873535e-03
4.191534593701362610e-03 1.261620223522186279e-02 1.270218659192323685e-02 6.819974631071090698e-03
1.866364618763327599e-03 1.542721036821603775e-02 1.073679793626070023e-02 5.121357273310422897e-03
1.130806398577988148e-03 1.263722404837608337e-02 8.646870963275432587e-03 3.793004900217056274e-03
1.754423137754201889e-03 9.791542775928974152e-03 8.816882967948913574e-03 4.092092160135507584e-03
2.476154128089547157e-03 1.063047163188457489e-02 9.642432443797588348e-03 5.104283802211284637e-03
1.217806362546980381e-03 1.424801349639892578e-02 9.599332697689533234e-03 6.997162476181983948e-03
1.120941480621695518e-03 1.682252436876296997e-02 1.065299846231937408e-02 7.145383395254611969e-03
2.269065938889980316e-03 2.093884348869323730e-02 9.880186989903450012e-03 6.546632386744022369e-03
1.250036759302020073e-03 1.528199575841426849e-02 9.220123291015625000e-03 4.928699228912591934e-03
1.377843436785042286e-03 1.365537755191326141e-02 8.303216658532619476e-03 4.374957177788019180e-03
1.982646062970161438e-03 1.878323964774608612e-02 8.616330102086067200e-03 7.963324896991252899e-03
1.813298207707703114e-03 1.292710378766059875e-02 7.240797393023967743e-03 6.820636801421642303e-03
2.485675970092415810e-03 1.220409106463193893e-02 5.848634988069534302e-03 7.412971928715705872e-03
3.397353226318955421e-03 1.159247662872076035e-02 5.695593077689409256e-03 1.185500808060169220e-02
6.687999237328767776e-03 1.068703550845384598e-02 5.163420923054218292e-03 2.043483406305313110e-02
7.009146269410848618e-03 8.727747015655040741e-03 4.295166581869125366e-03 1.421892270445823669e-02
6.462662946432828903e-03 7.086587604135274887e-03 4.242098890244960785e-03 1.172801386564970016e-02
1.066619902849197388e-02 4.518681205809116364e-03 5.387781187891960144e-03 9.635395370423793793e-03
9.922978468239307404e-03 8.007322438061237335e-03 6.221451796591281891e-03 8.781976997852325439e-03
1.307387929409742355e-02 7.228437345474958420e-03 4.968363326042890549e-03 6.882336456328630447e-03
1.674404367804527283e-02 4.857595078647136688e-03 5.725893191993236542e-03 1.096150465309619904e-02
3.469046205282211304e-02 7.065855432301759720e-03 7.929590530693531036e-03 1.250401698052883148e-02
2.162906154990196228e-02 6.933008786290884018e-03 9.328467771410942078e-03 1.446962263435125351e-02
3.458788990974426270e-02 5.443277303129434586e-03 1.076324284076690674e-02 1.262117549777030945e-02
4.163739085197448730e-02 4.775383044034242630e-03 1.070240233093500137e-02 1.642338559031486511e-02
5.628291890025138855e-02 6.125468760728836060e-03 1.592146791517734528e-02 2.714095823466777802e-02
6.074799969792366028e-02 7.195324171334505081e-03 1.911981590092182159e-02 3.899339213967323303e-02
8.359029889106750488e-02 5.383247509598731995e-03 1.995822601020336151e-02 5.229207500815391541e-02
1.187301203608512878e-01 5.308092106133699417e-03 1.401272788643836975e-02 5.820220336318016052e-02
8.016158640384674072e-02 9.090950712561607361e-03 1.665336079895496368e-02 3.486750274896621704e-02
8.499153703451156616e-02 1.031406130641698837e-02 1.645562984049320221e-02 2.592217735946178436e-02
9.252970665693283081e-02 1.012227684259414673e-02 2.349628694355487823e-02 3.468766063451766968e-02
1.331126242876052856e-01 1.112400554120540619e-02 2.233761176466941833e-02 4.561141505837440491e-02
1.249374598264694214e-01 1.371353864669799805e-02 2.640671841800212860e-02 5.102893337607383728e-02
1.534492075443267822e-01 1.498945243656635284e-02 2.499376051127910614e-02 7.357288151979446411e-02
1.102551594376564026e-01 1.666726730763912201e-02 2.806062251329421997e-02 8.325111865997314453e-02
1.124997511506080627e-01 1.979089714586734772e-02 3.342955932021141052e-02 8.345609158277511597e-02
2.696132361888885498e-01 1.834820210933685303e-02 3.063021413981914520e-02 1.356508731842041016e-01
2.775993049144744873e-01 2.063028886914253235e-02 3.066701255738735199e-02 1.423083245754241943e-01
1.221320480108261108e-01 2.808595448732376099e-02 4.144655540585517883e-02 1.048221737146377563e-01
1.209724918007850647e-01 2.413117513060569763e-02 2.645526081323623657e-02 8.359444886445999146e-02
1.338928043842315674e-01 2.668155543506145477e-02 5.267561599612236023e-02 1.270602643489837646e-01
1.473601907491683960e-01 3.590586781501770020e-02 5.027101933956146240e-02 1.473349034786224365e-01
1.599207967519760132e-01 4.953213036060333252e-02 6.594593077898025513e-02 1.573807150125503540e-01
1.595288217067718506e-01 4.409655928611755371e-02 6.509606540203094482e-02 1.867737174034118652e-01
1.925283223390579224e-01 4.278050363063812256e-02 6.652552634477615356e-02 1.796074807643890381e-01
2.180502563714981079e-01 4.891249537467956543e-02 6.245744600892066956e-02 1.843102723360061646e-01
1.692543923854827881e-01 4.239746928215026855e-02 5.570689216256141663e-02 1.504793614149093628e-01
1.814450621604919434e-01 3.530718386173248291e-02 4.524957016110420227e-02 1.353895068168640137e-01
1.705170422792434692e-01 3.524542227387428284e-02 3.536042943596839905e-02 1.514570862054824829e-01
5.884937942028045654e-02 2.499866485595703125e-02 2.003387175500392914e-02 7.587285339832305908e-02
1.235290095210075378e-01 2.596160210669040680e-02 2.657140977680683136e-02 1.051851511001586914e-01
1.417354047298431396e-01 3.374107927083969116e-02 3.498216718435287476e-02 1.271974742412567139e-01
1.600039154291152954e-01 4.202258586883544922e-02 3.683938086032867432e-02 1.703062802553176880e-01
1.507742702960968018e-01 3.573596477508544922e-02 3.757046908140182495e-02 1.843912303447723389e-01
1.228677481412887573e-01 3.571825847029685974e-02 4.828405752778053284e-02 1.608786433935165405e-01
1.103047803044319153e-01 4.795343428850173950e-02 5.588727816939353943e-02 1.949827075004577637e-01
1.056868955492973328e-01 4.719098657369613647e-02 4.446358233690261841e-02 1.816347092390060425e-01
7.919219136238098145e-02 4.713996127247810364e-02 5.267620831727981567e-02 1.381511986255645752e-01
6.256873905658721924e-02 3.446577489376068115e-02 4.646150395274162292e-02 1.299269497394561768e-01
5.900483578443527222e-02 2.965554222464561462e-02 4.933914542198181152e-02 1.214032694697380066e-01
8.221685886383056641e-02 3.264109417796134949e-02 4.858504980802536011e-02 1.424637287855148315e-01
5.331006273627281189e-02 3.070241957902908325e-02 5.014563724398612976e-02 1.241637021303176880e-01
9.255036711692810059e-02 4.134399071335792542e-02 6.452728807926177979e-02 1.932357549667358398e-01
1.070691123604774475e-01 4.302098602056503296e-02 8.246029168367385864e-02 1.692178994417190552e-01
8.036705106496810913e-02 3.595427796244621277e-02 6.992436200380325317e-02 1.383043229579925537e-01
1.530999541282653809e-01 4.620106145739555359e-02 9.736917167901992798e-02 1.385003626346588135e-01
1.169266626238822937e-01 6.040153279900550842e-02 9.738589078187942505e-02 1.258547306060791016e-01
1.813213378190994263e-01 7.940701395273208618e-02 1.222911551594734192e-01 1.435948312282562256e-01
2.378137558698654175e-01 8.136955648660659790e-02 1.433956325054168701e-01 1.421475261449813843e-01
3.139722645282745361e-01 7.615400850772857666e-02 1.749666631221771240e-01 2.592601478099822998e-01
3.694429397583007812e-01 1.015744507312774658e-01 2.127710282802581787e-01 3.055485785007476807e-01
4.127701520919799805e-01 1.197105497121810913e-01 2.542251050472259521e-01 3.431258499622344971e-01
4.516930580139160156e-01 1.489463150501251221e-01 3.147152364253997803e-01 4.225996434688568115e-01
4.702920913696289062e-01 1.369101405143737793e-01 3.089854419231414795e-01 4.321080744266510010e-01
5.186225771903991699e-01 1.871960014104843140e-01 3.549186289310455322e-01 4.593553245067596436e-01
5.378829240798950195e-01 2.842682301998138428e-01 4.580003917217254639e-01 4.703586697578430176e-01
5.221640467643737793e-01 3.107442855834960938e-01 4.720240831375122070e-01 4.647683501243591309e-01
5.445039272308349609e-01 3.197225630283355713e-01 4.610118865966796875e-01 4.631753861904144287e-01
5.256533622741699219e-01 3.371897935867309570e-01 5.057705044746398926e-01 4.916054606437683105e-01
5.074012875556945801e-01 3.365227878093719482e-01 4.755141437053680420e-01 4.770722389221191406e-01
4.728709161281585693e-01 3.364048302173614502e-01 4.422051012516021729e-01 4.292486310005187988e-01
4.482610225677490234e-01 3.240765631198883057e-01 4.271947443485260010e-01 4.138077199459075928e-01
4.509081542491912842e-01 3.242569565773010254e-01 4.281604290008544922e-01 4.223389923572540283e-01
3.779156208038330078e-01 2.780517935752868652e-01 3.798283338546752930e-01 4.113033413887023926e-01
3.407540619373321533e-01 1.748140454292297363e-01 3.081770241260528564e-01 4.050360023975372314e-01
2.372616678476333618e-01 1.616519987583160400e-01 2.932380139827728271e-01 2.912967801094055176e-01
1.696420311927795410e-01 7.294382154941558838e-02 1.280040144920349121e-01 1.678680926561355591e-01
1.239818781614303589e-01 5.357920750975608826e-02 9.070488810539245605e-02 1.154281571507453918e-01
3.422208130359649658e-02 4.290613904595375061e-02 6.347204744815826416e-02 6.215160340070724487e-02
3.023364394903182983e-02 2.106235921382904053e-02 3.274330869317054749e-02 4.748225957155227661e-02
2.659501507878303528e-02 2.782579138875007629e-02 3.175355121493339539e-02 4.573090001940727234e-02
1.926549337804317474e-02 2.938016504049301147e-02 2.085301838815212250e-02 4.587402567267417908e-02
1.816944405436515808e-02 2.015720121562480927e-02 1.728320121765136719e-02 1.816079206764698029e-02
2.100665122270584106e-02 2.220893092453479767e-02 1.214163843542337418e-02 2.404938824474811554e-02
1.927130483090877533e-02 2.228095382452011108e-02 1.526598073542118073e-02 2.585158869624137878e-02
1.570429839193820953e-02 1.495372876524925232e-02 1.170405186712741852e-02 1.861590705811977386e-02
1.790104061365127563e-02 1.403039507567882538e-02 1.175114419311285019e-02 1.675092242658138275e-02
1.708253845572471619e-02 2.072924748063087463e-02 1.164625771343708038e-02 1.266625523567199707e-02
1.603924296796321869e-02 1.794123090803623199e-02 1.424945332109928131e-02 1.239443197846412659e-02
2.317551337182521820e-02 2.167600765824317932e-02 1.745110005140304565e-02 1.395947113633155823e-02
2.912526205182075500e-02 2.679090015590190887e-02 1.868433691561222076e-02 2.185015752911567688e-02
4.267869144678115845e-02 2.869076840579509735e-02 2.273573540151119232e-02 2.918239124119281769e-02
4.870934039354324341e-02 4.128492251038551331e-02 2.456100471317768097e-02 3.876098245382308960e-02
8.260477334260940552e-02 5.215603485703468323e-02 3.820155933499336243e-02 5.394471436738967896e-02
1.348379552364349365e-01 6.835215538740158081e-02 5.346480756998062134e-02 1.348842978477478027e-01
1.391205787658691406e-01 7.623051851987838745e-02 7.138260453939437866e-02 1.262510120868682861e-01
7.924030721187591553e-02 5.682022497057914734e-02 5.306659266352653503e-02 9.328956902027130127e-02
8.698721975088119507e-02 6.958918273448944092e-02 4.410290345549583435e-02 7.463423162698745728e-02
8.607739955186843872e-02 7.794846594333648682e-02 4.892638325691223145e-02 8.074305951595306396e-02
6.302569806575775146e-02 7.965189963579177856e-02 4.999608546495437622e-02 7.649607956409454346e-02
1.285642385482788086e-01 8.410492539405822754e-02 5.770116671919822693e-02 1.191816478967666626e-01
1.885993033647537231e-01 8.713273704051971436e-02 5.931069329380989075e-02 1.338053941726684570e-01
1.253352910280227661e-01 8.986218273639678955e-02 5.573654547333717346e-02 1.226876750588417053e-01
1.356806159019470215e-01 8.313115686178207397e-02 5.195249244570732117e-02 1.345383524894714355e-01
1.579848825931549072e-01 9.994788467884063721e-02 7.210789620876312256e-02 1.400973051786422729e-01
1.765222102403640747e-01 8.171301335096359253e-02 5.804890021681785583e-02 1.452773660421371460e-01
1.704054474830627441e-01 6.295737624168395996e-02 4.591622576117515564e-02 1.272192001342773438e-01
1.705203801393508911e-01 1.107725277543067932e-01 7.837036252021789551e-02 1.278969496488571167e-01
8.459161967039108276e-02 4.754001274704933167e-02 3.193260729312896729e-02 7.785522937774658203e-02
1.103107482194900513e-01 6.628087908029556274e-02 6.980308145284652710e-02 9.793684631586074829e-02
9.234682470560073853e-02 9.166715294122695923e-02 6.229878589510917664e-02 5.517429858446121216e-02
1.075111851096153259e-01 8.986750990152359009e-02 6.854219734668731689e-02 5.314393341541290283e-02
1.140419766306877136e-01 6.899347156286239624e-02 7.744696736335754395e-02 7.011913508176803589e-02
1.041315123438835144e-01 6.523952633142471313e-02 7.001099735498428345e-02 7.070680707693099976e-02
6.473183631896972656e-02 5.510430410504341125e-02 5.660175904631614685e-02 7.570689171552658081e-02
7.930479943752288818e-02 4.471192881464958191e-02 5.450892820954322815e-02 9.054410457611083984e-02
6.885084509849548340e-02 4.832510277628898621e-02 5.172635614871978760e-02 7.509936392307281494e-02
5.754696950316429138e-02 3.816201910376548767e-02 5.575758218765258789e-02 4.981721937656402588e-02
4.197636619210243225e-02 6.134429946541786194e-02 4.767448082566261292e-02 4.711852595210075378e-02
4.792753607034683228e-02 4.177675396203994751e-02 4.321970790624618530e-02 4.958484321832656860e-02
4.850050434470176697e-02 4.315895959734916687e-02 4.768314212560653687e-02 4.559965804219245911e-02
5.107775703072547913e-02 3.914865106344223022e-02 5.053057149052619934e-02 6.160437688231468201e-02
9.270261973142623901e-02 4.046650975942611694e-02 5.314400419592857361e-02 8.343316614627838135e-02
3.878832235932350159e-02 3.097453527152538300e-02 5.206782370805740356e-02 4.486699402332305908e-02
3.530663996934890747e-02 2.327622659504413605e-02 5.549303069710731506e-02 4.593386873602867126e-02
3.498779237270355225e-02 2.760935202240943909e-02 5.201464891433715820e-02 5.880412831902503967e-02
4.130226373672485352e-02 3.240238502621650696e-02 5.825740471482276917e-02 7.166644185781478882e-02
3.541564196348190308e-02 3.664148226380348206e-02 4.519075155258178711e-02 5.568782985210418701e-02
3.098026663064956665e-02 2.644555270671844482e-02 4.341321066021919250e-02 3.772759065032005310e-02
2.986802160739898682e-02 2.428825944662094116e-02 4.492158815264701843e-02 3.192499652504920959e-02
2.160183899104595184e-02 2.788085862994194031e-02 3.734323754906654358e-02 3.568277508020401001e-02
2.384321764111518860e-02 1.433810219168663025e-02 3.902447596192359924e-02 2.600939944386482239e-02
2.323311008512973785e-02 1.269850973039865494e-02 2.846865542232990265e-02 2.759016864001750946e-02
2.835422568023204803e-02 8.906592614948749542e-03 2.694862335920333862e-02 2.771776355803012848e-02
3.249841183423995972e-02 9.330137632787227631e-03 2.508129924535751343e-02 2.671506628394126892e-02
3.828578069806098938e-02 1.685839146375656128e-02 2.624281495809555054e-02 3.285589814186096191e-02
3.224992752075195312e-02 1.940086111426353455e-02 3.734586015343666077e-02 3.182026371359825134e-02
3.519230335950851440e-02 3.335349261760711670e-02 4.499384015798568726e-02 3.871908411383628845e-02
3.256752341985702515e-02 3.673027828335762024e-02 5.090451240539550781e-02 2.934402972459793091e-02
4.942430555820465088e-02 3.077972494065761566e-02 5.412844941020011902e-02 4.806430637836456299e-02
9.927138686180114746e-02 2.170205488801002502e-02 6.260689347982406616e-02 1.081891134381294250e-01
5.212569236755371094e-02 2.619867399334907532e-02 6.133059784770011902e-02 4.024071246385574341e-02
2.652013301849365234e-02 3.366185724735260010e-02 5.753462016582489014e-02 2.763902209699153900e-02
4.558610916137695312e-02 2.229373529553413391e-02 3.837941586971282959e-02 4.840836301445960999e-02
4.079150781035423279e-02 3.091616556048393250e-02 4.646543413400650024e-02 5.345457419753074646e-02
3.611639887094497681e-02 2.402999065816402435e-02 2.661816403269767761e-02 4.202052205801010132e-02
4.522639885544776917e-02 2.954026684165000916e-02 4.296382516622543335e-02 6.665126234292984009e-02
7.704374939203262329e-02 3.537537157535552979e-02 6.348133087158203125e-02 1.106970682740211487e-01
8.504313230514526367e-02 1.768756844103336334e-02 4.527372866868972778e-02 1.094665229320526123e-01
6.780746579170227051e-02 2.079422958195209503e-02 5.064166337251663208e-02 7.916010171175003052e-02
6.929679214954376221e-02 1.948399841785430908e-02 4.540870711207389832e-02 7.009511440992355347e-02
9.308114647865295410e-02 1.957807689905166626e-02 4.527847096323966980e-02 9.168567508459091187e-02
9.992742538452148438e-02 2.239781804382801056e-02 4.665319994091987610e-02 9.741714596748352051e-02
5.416367575526237488e-02 2.171633392572402954e-02 2.804882265627384186e-02 4.620001092553138733e-02
6.994686275720596313e-02 2.459170110523700714e-02 3.540961444377899170e-02 4.855971038341522217e-02
6.821615248918533325e-02 2.251940593123435974e-02 3.174449130892753601e-02 5.297908186912536621e-02
7.939659059047698975e-02 2.550761215388774872e-02 2.495957911014556885e-02 4.360570013523101807e-02
7.523437589406967163e-02 2.605013921856880188e-02 2.238537184894084930e-02 4.841760918498039246e-02
5.502820760011672974e-02 1.738040335476398468e-02 1.394520886242389679e-02 3.927465155720710754e-02
4.586723446846008301e-02 7.442149799317121506e-03 9.627485647797584534e-03 2.712841331958770752e-02
3.298770263791084290e-02 6.358395796269178391e-03 9.916576556861400604e-03 2.412401139736175537e-02
5.153985321521759033e-02 1.370294671505689621e-02 1.400101277977228165e-02 4.438819736242294312e-02
4.841712862253189087e-02 1.269217394292354584e-02 1.426633447408676147e-02 4.437562823295593262e-02
4.426460713148117065e-02 1.593134924769401550e-02 1.684512011706829071e-02 3.083115443587303162e-02
4.893990978598594666e-02 1.610591076314449310e-02 2.671039290726184845e-02 5.809577181935310364e-02
9.720982611179351807e-02 1.349407341331243515e-02 2.403864264488220215e-02 9.299764037132263184e-02
1.053696423768997192e-01 1.726524718105792999e-02 2.900717593729496002e-02 1.082005053758621216e-01
9.686571359634399414e-02 1.725759543478488922e-02 4.119903221726417542e-02 1.024949029088020325e-01
6.863353401422500610e-02 1.522418204694986343e-02 3.654661029577255249e-02 5.189555883407592773e-02
8.516398072242736816e-02 1.100166235119104385e-02 3.863721713423728943e-02 4.531714692711830139e-02
8.347544074058532715e-02 2.125172130763530731e-02 4.065391048789024353e-02 5.589367821812629700e-02
8.741240948438644409e-02 2.776907756924629211e-02 4.491129890084266663e-02 5.279317870736122131e-02
5.784943699836730957e-02 2.633017674088478088e-02 3.811989724636077881e-02 3.043622896075248718e-02
5.208446457982063293e-02 1.980529725551605225e-02 4.358750581741333008e-02 3.225840628147125244e-02
6.098642945289611816e-02 2.330954745411872864e-02 4.274314641952514648e-02 4.899257048964500427e-02
5.581477284431457520e-02 2.428129874169826508e-02 3.291057422757148743e-02 3.595520555973052979e-02
2.891358546912670135e-02 2.340506203472614288e-02 2.810041978955268860e-02 1.683591306209564209e-02
2.640163898468017578e-02 2.098168246448040009e-02 3.182569891214370728e-02 1.885459758341312408e-02
2.487294748425483704e-02 2.832375094294548035e-02 3.335965797305107117e-02 1.640542596578598022e-02
5.004112794995307922e-02 1.962409168481826782e-02 3.684096038341522217e-02 4.779987782239913940e-02
6.164623424410820007e-02 2.606319636106491089e-02 5.007148906588554382e-02 5.050778016448020935e-02
3.152885288000106812e-02 3.572337329387664795e-02 3.378178551793098450e-02 2.675245329737663269e-02
3.141030669212341309e-02 3.457719087600708008e-02 3.741847723722457886e-02 2.713315188884735107e-02
2.035302110016345978e-02 2.899329923093318939e-02 2.870526351034641266e-02 1.451770868152379990e-02
2.004037983715534210e-02 2.218538708984851837e-02 2.558223530650138855e-02 1.792358793318271637e-02
1.817610673606395721e-02 2.361951395869255066e-02 2.745577692985534668e-02 1.981448568403720856e-02
2.868187427520751953e-02 2.771973051130771637e-02 3.340604156255722046e-02 3.305993974208831787e-02
3.381760045886039734e-02 2.925803698599338531e-02 4.636086151003837585e-02 4.235314950346946716e-02
4.777053371071815491e-02 4.507948085665702820e-02 3.979689255356788635e-02 4.621660336852073669e-02
6.323769688606262207e-02 3.123472630977630615e-02 6.231391429901123047e-02 6.224850937724113464e-02
5.295477807521820068e-02 3.373332694172859192e-02 5.400633066892623901e-02 5.118349194526672363e-02
5.109395831823348999e-02 3.115711361169815063e-02 3.657082840800285339e-02 4.259013757109642029e-02
5.016535520553588867e-02 3.162052109837532043e-02 4.023583233356475830e-02 4.471290856599807739e-02
4.971522837877273560e-02 2.663279511034488678e-02 3.913942351937294006e-02 4.350813105702400208e-02
5.728278309106826782e-02 2.759167179465293884e-02 5.522449687123298645e-02 4.272033646702766418e-02
4.502504318952560425e-02 2.647414803504943848e-02 5.594116821885108948e-02 4.306284710764884949e-02
4.868495091795921326e-02 2.849996834993362427e-02 5.470731854438781738e-02 6.722448766231536865e-02
4.130777716636657715e-02 3.104087710380554199e-02 5.705105140805244446e-02 4.094933718442916870e-02
4.164163395762443542e-02 2.966485358774662018e-02 5.719598010182380676e-02 4.920546710491180420e-02
4.894469305872917175e-02 3.546964004635810852e-02 6.797098368406295776e-02 4.026671499013900757e-02
3.641690313816070557e-02 3.939161449670791626e-02 5.885789543390274048e-02 2.971797809004783630e-02
3.728234767913818359e-02 5.495316162705421448e-02 7.246303558349609375e-02 2.763808146119117737e-02
4.503437504172325134e-02 5.993588641285896301e-02 8.492788672447204590e-02 1.946720853447914124e-02
5.124086886644363403e-02 5.194349959492683411e-02 6.794292479753494263e-02 1.825384236872196198e-02
4.580565169453620911e-02 6.726570427417755127e-02 9.562180936336517334e-02 1.799146272242069244e-02
5.871687456965446472e-02 9.286137670278549194e-02 1.216238066554069519e-01 2.303815446794033051e-02
6.908253580331802368e-02 9.118081629276275635e-02 1.138992086052894592e-01 2.714912407100200653e-02
8.772012591361999512e-02 8.946938067674636841e-02 1.192819476127624512e-01 3.337009996175765991e-02
5.938060954213142395e-02 8.887856453657150269e-02 1.041496694087982178e-01 5.613595992326736450e-02
4.154505208134651184e-02 8.565705269575119019e-02 1.202700138092041016e-01 5.260500311851501465e-02
4.691708087921142578e-02 9.469985961914062500e-02 9.619966149330139160e-02 4.232354834675788879e-02
8.061309158802032471e-02 9.499476850032806396e-02 1.149164736270904541e-01 5.535327270627021790e-02
1.192465201020240784e-01 1.053233519196510315e-01 1.380228251218795776e-01 6.454319506883621216e-02
1.239005550742149353e-01 1.058580726385116577e-01 1.290754079818725586e-01 8.116363734006881714e-02
2.154115438461303711e-01 1.593341827392578125e-01 1.844931989908218384e-01 1.249102726578712463e-01
2.379711568355560303e-01 1.756365448236465454e-01 1.998694092035293579e-01 1.211595311760902405e-01
1.762115955352783203e-01 1.419009715318679810e-01 1.866338849067687988e-01 1.061602905392646790e-01
1.674972623586654663e-01 1.380189955234527588e-01 1.794247329235076904e-01 1.091060787439346313e-01
1.715844571590423584e-01 1.252048015594482422e-01 1.608141064643859863e-01 9.173168987035751343e-02
1.447102129459381104e-01 1.328751295804977417e-01 1.730926036834716797e-01 1.132750287652015686e-01
1.452012211084365845e-01 1.289158016443252563e-01 1.561194211244583130e-01 1.006100997328758240e-01
1.224150955677032471e-01 1.648548394441604614e-01 2.376431375741958618e-01 1.412977874279022217e-01
1.335199922323226929e-01 1.355435103178024292e-01 2.117949426174163818e-01 1.329910308122634888e-01
1.430898755788803101e-01 1.055173277854919434e-01 1.783970892429351807e-01 1.060889065265655518e-01
1.158019974827766418e-01 1.000862270593643188e-01 1.732864528894424438e-01 9.665280580520629883e-02
1.339268535375595093e-01 8.822134137153625488e-02 1.482622772455215454e-01 7.755679637193679810e-02
8.715238422155380249e-02 7.102198153734207153e-02 1.268215477466583252e-01 6.089992448687553406e-02
1.099130287766456604e-01 8.181270956993103027e-02 1.592459231615066528e-01 1.040043160319328308e-01
1.030098646879196167e-01 5.533097311854362488e-02 9.632016718387603760e-02 1.041062101721763611e-01
6.022866070270538330e-02 4.681629687547683716e-02 9.495133906602859497e-02 8.119320869445800781e-02
6.978101283311843872e-02 4.148128628730773926e-02 8.028733730316162109e-02 1.125056073069572449e-01
7.503826171159744263e-02 6.238904222846031189e-02 9.824084490537643433e-02 1.148574352264404297e-01
9.752203524112701416e-02 6.127322465181350708e-02 9.716712683439254761e-02 1.113440692424774170e-01
1.234108433127403259e-01 7.297146320343017578e-02 1.101926341652870178e-01 1.220102012157440186e-01
1.582385748624801636e-01 9.888079762458801270e-02 1.420983970165252686e-01 1.396564096212387085e-01
1.541005373001098633e-01 1.086639985442161560e-01 1.489977985620498657e-01 1.541923433542251587e-01
2.071451842784881592e-01 1.025857776403427124e-01 1.429159343242645264e-01 1.954498142004013062e-01
2.204632014036178589e-01 1.144949346780776978e-01 2.208881825208663940e-01 2.552670836448669434e-01
2.307720631361007690e-01 1.199124827980995178e-01 2.284776568412780762e-01 2.766773104667663574e-01
2.635240256786346436e-01 1.296722292900085449e-01 2.290580570697784424e-01 2.679011523723602295e-01
3.367359042167663574e-01 1.504673957824707031e-01 2.211115360260009766e-01 2.668288350105285645e-01
3.943457901477813721e-01 2.429927885532379150e-01 3.651079237461090088e-01 4.361952543258666992e-01
4.724858999252319336e-01 3.169829249382019043e-01 4.145049452781677246e-01 4.487858712673187256e-01
5.016591548919677734e-01 3.535480201244354248e-01 4.810035824775695801e-01 4.835231304168701172e-01
5.266624689102172852e-01 3.535204529762268066e-01 4.888879656791687012e-01 4.921986460685729980e-01
5.433155298233032227e-01 4.066016376018524170e-01 5.167123079299926758e-01 5.172557830810546875e-01
5.872021913528442383e-01 4.468063116073608398e-01 5.235526561737060547e-01 5.040416717529296875e-01
5.868290662765502930e-01 4.545172154903411865e-01 5.409224033355712891e-01 5.147601366043090820e-01
5.890852808952331543e-01 4.924634695053100586e-01 5.473995208740234375e-01 5.125740170478820801e-01
5.737876892089843750e-01 4.902276992797851562e-01 5.531018376350402832e-01 5.395823717117309570e-01
5.924223661422729492e-01 4.804466068744659424e-01 5.552233457565307617e-01 5.038537383079528809e-01
6.160604953765869141e-01 5.021786689758300781e-01 5.618259310722351074e-01 4.955128133296966553e-01
6.224536299705505371e-01 4.961295425891876221e-01 5.675683617591857910e-01 4.897704720497131348e-01
5.828866958618164062e-01 4.487548470497131348e-01 5.518414378166198730e-01 4.698058664798736572e-01
5.575565099716186523e-01 3.716589808464050293e-01 4.925119876861572266e-01 4.571464359760284424e-01
5.200951695442199707e-01 3.545565903186798096e-01 4.640804231166839600e-01 4.435935616493225098e-01
4.464036822319030762e-01 2.660128474235534668e-01 4.079343378543853760e-01 4.179001450538635254e-01
4.112482070922851562e-01 1.907489448785781860e-01 3.384473919868469238e-01 3.470443487167358398e-01
3.700962960720062256e-01 1.695250123739242554e-01 2.803183197975158691e-01 2.975964248180389404e-01
3.387615382671356201e-01 1.427026540040969849e-01 2.507160604000091553e-01 2.294518202543258667e-01
3.019106388092041016e-01 1.365528851747512817e-01 2.493080645799636841e-01 2.169869393110275269e-01
2.584412693977355957e-01 1.150097176432609558e-01 2.226078212261199951e-01 1.668593883514404297e-01
2.504524588584899902e-01 1.064995080232620239e-01 1.844175904989242554e-01 2.124580293893814087e-01
2.066697031259536743e-01 1.123481765389442444e-01 1.497339457273483276e-01 1.923836171627044678e-01
1.436899155378341675e-01 7.791917026042938232e-02 1.105442494153976440e-01 1.122976616024971008e-01
1.188848763704299927e-01 7.011552900075912476e-02 1.013523712754249573e-01 1.032666191458702087e-01
7.714719325304031372e-02 4.843043163418769836e-02 6.347779929637908936e-02 6.599161773920059204e-02
7.741825282573699951e-02 3.342192620038986206e-02 7.208529859781265259e-02 8.069463819265365601e-02
7.834293693304061890e-02 2.987253293395042419e-02 4.908349364995956421e-02 7.456995546817779541e-02
7.952202856540679932e-02 1.927701383829116821e-02 4.176423326134681702e-02 5.949186161160469055e-02
1.024070978164672852e-01 2.547961287200450897e-02 5.477799847722053528e-02 7.145240902900695801e-02
1.111257076263427734e-01 2.494146488606929779e-02 5.324513465166091919e-02 8.106735348701477051e-02
1.200219541788101196e-01 3.113993816077709198e-02 5.020909756422042847e-02 1.089164167642593384e-01
1.306376606225967407e-01 2.070521749556064606e-02 4.880565404891967773e-02 1.224125996232032776e-01
8.284036815166473389e-02 1.559927966445684433e-02 3.815801069140434265e-02 8.842912316322326660e-02
9.155346453189849854e-02 1.713358238339424133e-02 3.666625544428825378e-02 8.675112575292587280e-02
1.081702113151550293e-01 2.382288314402103424e-02 4.876850172877311707e-02 1.085553690791130066e-01
5.956018716096878052e-02 1.538876164704561234e-02 3.791997209191322327e-02 6.239109486341476440e-02
5.339960753917694092e-02 9.561304934322834015e-03 2.612800151109695435e-02 6.724993884563446045e-02
1.271794438362121582e-01 1.528350263833999634e-02 3.973978757858276367e-02 9.819525480270385742e-02
8.302046358585357666e-02 1.131718978285789490e-02 3.086034767329692841e-02 4.800535738468170166e-02
5.057065561413764954e-02 8.106947876513004303e-03 2.906747907400131226e-02 6.513188779354095459e-02
5.316131934523582458e-02 9.661913849413394928e-03 1.827033236622810364e-02 4.911058768630027771e-02
3.051368892192840576e-02 7.497955579310655594e-03 1.922276243567466736e-02 4.435478523373603821e-02
3.404956683516502380e-02 8.922997862100601196e-03 2.464178577065467834e-02 7.723595201969146729e-02
1.099350750446319580e-01 9.749174118041992188e-03 2.677167952060699463e-02 1.201158463954925537e-01
8.767036348581314087e-02 8.643046021461486816e-03 2.611043862998485565e-02 1.475277245044708252e-01
3.621285036206245422e-02 9.999003261327743530e-03 2.293018251657485962e-02 1.501380652189254761e-01
4.820179194211959839e-02 1.002046465873718262e-02 1.916494779288768768e-02 1.219686791300773621e-01
7.486016303300857544e-02 6.443677470088005066e-03 9.891481138765811920e-03 1.252374798059463501e-01
6.053337454795837402e-02 6.425557192414999008e-03 6.268045864999294281e-03 1.187221109867095947e-01
7.021015882492065430e-02 7.176932878792285919e-03 6.168921943753957748e-03 1.407203823328018188e-01
5.909761041402816772e-02 5.654382985085248947e-03 7.073299959301948547e-03 1.532907038927078247e-01
4.555622488260269165e-02 5.078762304037809372e-03 6.483685225248336792e-03 1.264494061470031738e-01
6.816152483224868774e-02 5.747703369706869125e-03 1.404296699911355972e-02 1.565466076135635376e-01
1.134146228432655334e-01 7.615434937179088593e-03 2.001938037574291229e-02 1.982418894767761230e-01
4.625822976231575012e-02 7.909910753369331360e-03 3.023767843842506409e-02 1.125762313604354858e-01
5.046400427818298340e-02 7.837402634322643280e-03 2.395181544125080109e-02 9.822082519531250000e-02
6.298693269491195679e-02 8.949150331318378448e-03 2.407510392367839813e-02 7.617191225290298462e-02
6.430964916944503784e-02 7.908399216830730438e-03 2.438745275139808655e-02 6.875120848417282104e-02
7.462117820978164673e-02 8.552955463528633118e-03 1.678073778748512268e-02 6.355480104684829712e-02
9.225635975599288940e-02 1.004955545067787170e-02 2.781647257506847382e-02 6.833041459321975708e-02
9.200093150138854980e-02 8.104306645691394806e-03 3.176122531294822693e-02 9.603792428970336914e-02
1.000382155179977417e-01 1.642227731645107269e-02 3.276330977678298950e-02 1.041943877935409546e-01
1.820753365755081177e-01 1.717294193804264069e-02 4.878844693303108215e-02 1.053004637360572815e-01
1.351116001605987549e-01 1.234467234462499619e-02 3.399638459086418152e-02 1.155563443899154663e-01
1.522500365972518921e-01 1.784295402467250824e-02 3.070532158017158508e-02 1.113899797201156616e-01
2.017719447612762451e-01 1.616949215531349182e-02 3.291223570704460144e-02 1.103552579879760742e-01
9.734698385000228882e-02 2.533354237675666809e-02 2.528122439980506897e-02 7.032089680433273315e-02
1.462028473615646362e-01 4.767860472202301025e-02 4.210098460316658020e-02 7.739369571208953857e-02
2.157614678144454956e-01 5.314460396766662598e-02 4.245233908295631409e-02 1.246851235628128052e-01
2.448965013027191162e-01 8.098531514406204224e-02 6.664905697107315063e-02 1.599837690591812134e-01
2.530709505081176758e-01 9.060338884592056274e-02 5.636925622820854187e-02 1.420650631189346313e-01
2.552066743373870850e-01 9.201446920633316040e-02 7.708549499511718750e-02 1.778364181518554688e-01
1.842442303895950317e-01 1.090109124779701233e-01 8.203740417957305908e-02 1.418706178665161133e-01
1.796149760484695435e-01 1.482116729021072388e-01 8.876188099384307861e-02 1.542135179042816162e-01
2.502137124538421631e-01 1.588532030582427979e-01 9.675014019012451172e-02 1.637122333049774170e-01
2.754837870597839355e-01 1.777225583791732788e-01 8.596795052289962769e-02 1.880864202976226807e-01
2.331852316856384277e-01 1.628040522336959839e-01 7.022270560264587402e-02 1.718667745590209961e-01
2.031419426202774048e-01 1.432018280029296875e-01 4.522374272346496582e-02 1.468649208545684814e-01
1.478213071823120117e-01 1.304737478494644165e-01 4.259667918086051941e-02 1.270754635334014893e-01
1.754117161035537720e-01 1.881389617919921875e-01 3.379321843385696411e-02 9.026399999856948853e-02
1.358053982257843018e-01 1.381950825452804565e-01 3.183132037520408630e-02 6.516505032777786255e-02
9.301893413066864014e-02 1.586394309997558594e-01 6.005786731839179993e-02 6.815754622220993042e-02
1.056472137570381165e-01 1.484854221343994141e-01 7.034241408109664917e-02 9.882005304098129272e-02
1.064466834068298340e-01 1.509519964456558228e-01 8.883748948574066162e-02 1.008123382925987244e-01
7.872601598501205444e-02 1.546581387519836426e-01 7.603173702955245972e-02 1.137709468603134155e-01
7.123854011297225952e-02 1.550881564617156982e-01 4.966050386428833008e-02 7.576109468936920166e-02
8.084281533956527710e-02 1.351314783096313477e-01 5.850942805409431458e-02 8.175507932901382446e-02
8.954766392707824707e-02 1.408853530883789062e-01 6.531415879726409912e-02 9.202040731906890869e-02
1.382483839988708496e-01 1.258769482374191284e-01 7.961025834083557129e-02 9.691759943962097168e-02
1.221988275647163391e-01 1.327353864908218384e-01 6.009130924940109253e-02 1.039807721972465515e-01
8.897174149751663208e-02 1.017407327890396118e-01 8.532715588808059692e-02 8.968584984540939331e-02
5.281728878617286682e-02 8.956824988126754761e-02 6.173729151487350464e-02 4.069500043988227844e-02
2.958232350647449493e-02 8.686286211013793945e-02 7.514498382806777954e-02 2.160179801285266876e-02
1.458302419632673264e-02 2.514002472162246704e-02 3.688284382224082947e-02 2.874917536973953247e-02
1.218093000352382660e-02 5.759599152952432632e-03 1.547379978001117706e-02 1.504700351506471634e-02
1.199109852313995361e-02 1.405927119776606560e-03 1.008439622819423676e-02 5.480111110955476761e-03

