##############################################################################
# ProQ3 result file
# Generated from https://proq3.bioinfo.se at 2022-05-08 17:36:28 CEST
# Options for Proq3: ['-r', 'yes', '-deep', 'yes', '-k', 'yes', '-quality', 'sscore', '-output_pdbs', 'yes']
# Total request time: 9505.1 seconds.
# Number of finished models: 1
##############################################################################

# Global scores
#      Model       ProQ2D  ProQRosCenD   ProQRosFAD       ProQ3D
      model_0     0.101870     0.057221     0.076936     0.080495

# Local scores

# Model 0
ProQ2D ProQRosCenD ProQRosFAD ProQ3D
4.584893531500711106e-07 1.043458833009935915e-04 1.076494902372360229e-02 1.138529455602110829e-06
3.527972012307145633e-06 4.906108370050787926e-04 1.104407384991645813e-02 8.677277492097346112e-07
2.412473065760423196e-07 6.652450538240373135e-04 1.181964576244354248e-02 1.273472435059375130e-06
9.342384998944908148e-08 8.148343767970800400e-04 1.591993682086467743e-02 5.204965987104515079e-07
9.523827060320400051e-09 7.449775002896785736e-04 1.431940030306577682e-02 2.032050616662672837e-07
8.253314698336566835e-11 4.383143677841871977e-04 1.062922831624746323e-02 3.849921270671075035e-08
4.289348737307463466e-11 5.080770934000611305e-04 1.333466172218322754e-02 2.684399369456968998e-08
5.026087746955454350e-04 8.471737382933497429e-04 1.575852930545806885e-02 6.134636932983994484e-04
3.729379968717694283e-04 1.175674144178628922e-03 1.588137634098529816e-02 7.810021052137017250e-04
5.789226852357387543e-04 1.319135189987719059e-03 1.774364523589611053e-02 1.384158385917544365e-03
4.735903930850327015e-04 1.209153095260262489e-03 1.176272332668304443e-02 1.527459593489766121e-03
3.368098987266421318e-04 1.148471026681363583e-03 1.262300554662942886e-02 1.864754012785851955e-03
4.247094620950520039e-04 3.272162750363349915e-03 1.647838950157165527e-02 3.624396631494164467e-03
5.445362767204642296e-04 8.600772358477115631e-03 3.297354653477668762e-02 6.949229165911674500e-03
9.848037734627723694e-04 6.012110039591789246e-03 2.511738799512386322e-02 2.812064485624432564e-03
6.583765614777803421e-03 1.118535920977592468e-02 2.430061250925064087e-02 3.038267139345407486e-03
4.326542839407920837e-02 9.717590175569057465e-03 1.919362507760524750e-02 4.994382616132497787e-03
6.058044359087944031e-02 1.199766993522644043e-02 3.326640278100967407e-02 6.147349253296852112e-03
5.297690257430076599e-02 2.348940633237361908e-02 3.362622484564781189e-02 7.989456877112388611e-03
3.299995139241218567e-02 2.762052975594997406e-02 4.151953384280204773e-02 8.103321306407451630e-03
3.215473890304565430e-02 2.326102182269096375e-02 3.097989596426486969e-02 7.295674178749322891e-03
4.675255715847015381e-02 6.332066655158996582e-02 6.645300239324569702e-02 1.166223548352718353e-02
4.844293743371963501e-02 1.025258302688598633e-01 7.313150167465209961e-02 2.295109443366527557e-02
5.539290606975555420e-02 1.358727067708969116e-01 1.361629366874694824e-01 3.481261804699897766e-02
9.323394298553466797e-02 9.039559215307235718e-02 1.261588335037231445e-01 4.950913414359092712e-02
1.552706956863403320e-01 7.246511429548263550e-02 1.285808086395263672e-01 6.938019394874572754e-02
1.264545470476150513e-01 1.016011312603950500e-01 1.583404242992401123e-01 5.762981995940208435e-02
1.312655210494995117e-01 8.638884127140045166e-02 1.534523963928222656e-01 6.078664585947990417e-02
1.581472903490066528e-01 9.843848645687103271e-02 1.564568877220153809e-01 7.420401275157928467e-02
1.864170879125595093e-01 1.124271675944328308e-01 1.657144278287887573e-01 7.376071810722351074e-02
1.863188594579696655e-01 1.165654361248016357e-01 1.670978069305419922e-01 8.990339189767837524e-02
1.464031487703323364e-01 8.982541412115097046e-02 1.317943036556243896e-01 8.760653436183929443e-02
8.808021247386932373e-02 7.142911106348037720e-02 1.264806985855102539e-01 7.782475650310516357e-02
1.338139623403549194e-01 8.413339406251907349e-02 1.095409914851188660e-01 8.790321648120880127e-02
1.433188766241073608e-01 7.552081346511840820e-02 1.024108454585075378e-01 7.870471477508544922e-02
1.140976101160049438e-01 1.030053496360778809e-01 1.320013403892517090e-01 7.879725843667984009e-02
1.364764720201492310e-01 7.176759839057922363e-02 1.157625466585159302e-01 9.736998379230499268e-02
1.359463483095169067e-01 5.761939659714698792e-02 1.038977429270744324e-01 9.353128820657730103e-02
1.419938951730728149e-01 5.959352850914001465e-02 8.914222568273544312e-02 9.139958769083023071e-02
1.389686912298202515e-01 5.002345144748687744e-02 8.265645802021026611e-02 8.329755067825317383e-02
9.258719533681869507e-02 3.754140064120292664e-02 6.893851608037948608e-02 6.932561099529266357e-02
6.784324347972869873e-02 3.407153859734535217e-02 6.178068742156028748e-02 5.371696874499320984e-02
7.699739187955856323e-02 3.595709800720214844e-02 6.253515183925628662e-02 5.640627443790435791e-02
6.383097916841506958e-02 4.054937511682510376e-02 6.136772409081459045e-02 6.146567314863204956e-02
7.767087966203689575e-02 3.678885102272033691e-02 6.295326352119445801e-02 6.655049324035644531e-02
6.832947582006454468e-02 3.682460263371467590e-02 6.750261783599853516e-02 6.617566943168640137e-02
4.791129380464553833e-02 2.777455002069473267e-02 7.364381104707717896e-02 5.766158923506736755e-02
4.984399676322937012e-02 3.069436736404895782e-02 6.800032407045364380e-02 6.511805206537246704e-02
4.243536293506622314e-02 2.302824519574642181e-02 6.609560549259185791e-02 5.439845845103263855e-02
4.444602131843566895e-02 2.347738854587078094e-02 6.975837051868438721e-02 7.131384313106536865e-02
7.293981313705444336e-02 1.979945227503776550e-02 4.973637312650680542e-02 5.800538882613182068e-02
6.801907718181610107e-02 2.539086155593395233e-02 5.673000961542129517e-02 6.156930699944496155e-02
4.689262807369232178e-02 3.597224876284599304e-02 6.232806667685508728e-02 5.410144105553627014e-02
7.301644235849380493e-02 4.468970373272895813e-02 7.999133318662643433e-02 5.765374004840850830e-02
7.456110417842864990e-02 5.648738890886306763e-02 7.854728400707244873e-02 8.445167541503906250e-02
8.002679795026779175e-02 4.437463730573654175e-02 7.670390605926513672e-02 4.673950001597404480e-02
5.895100906491279602e-02 4.567628353834152222e-02 8.673238754272460938e-02 3.581919521093368530e-02
6.422314047813415527e-02 6.760066747665405273e-02 9.763517230749130249e-02 4.414717853069305420e-02
7.304636389017105103e-02 7.075891643762588501e-02 1.018145829439163208e-01 4.878025874495506287e-02
6.493590027093887329e-02 5.040729045867919922e-02 8.856366574764251709e-02 5.298082903027534485e-02
4.958343878388404846e-02 6.005194783210754395e-02 9.407649934291839600e-02 6.087533012032508850e-02
3.572920709848403931e-02 3.749837726354598999e-02 8.936209231615066528e-02 5.175499245524406433e-02
5.584910884499549866e-02 5.657270178198814392e-02 1.073329225182533264e-01 6.814736872911453247e-02
5.212884768843650818e-02 6.010352447628974915e-02 1.142033785581588745e-01 6.514723598957061768e-02
4.875773936510086060e-02 4.976282641291618347e-02 7.749075442552566528e-02 4.834821075201034546e-02
3.465599566698074341e-02 2.709228172898292542e-02 7.230469584465026855e-02 4.282356426119804382e-02
2.941358648240566254e-02 2.066669426858425140e-02 5.056291818618774414e-02 3.232416883111000061e-02
2.652404084801673889e-02 1.612179540097713470e-02 4.590185731649398804e-02 2.483102306723594666e-02
2.180740982294082642e-02 1.920740865170955658e-02 5.101851746439933777e-02 3.799135237932205200e-02
2.577441558241844177e-02 2.599626034498214722e-02 6.185080111026763916e-02 3.446681424975395203e-02
3.050680458545684814e-02 2.015243098139762878e-02 4.615960270166397095e-02 3.588104993104934692e-02
2.100742980837821960e-02 2.351493760943412781e-02 5.029040947556495667e-02 2.668279968202114105e-02
3.607859462499618530e-02 1.447977870702743530e-02 4.025486111640930176e-02 3.804499655961990356e-02
3.463829308748245239e-02 1.552760321646928787e-02 3.061117045581340790e-02 4.226290062069892883e-02
3.758860379457473755e-02 1.375926937907934189e-02 3.586029633879661560e-02 3.135330229997634888e-02
5.841181799769401550e-02 1.696561649441719055e-02 4.094250127673149109e-02 3.700889647006988525e-02
5.686460435390472412e-02 1.236416399478912354e-02 3.383714333176612854e-02 3.888484090566635132e-02
6.406781822443008423e-02 2.005116082727909088e-02 4.536966606974601746e-02 5.303731933236122131e-02
7.439270615577697754e-02 3.227286413311958313e-02 6.154086813330650330e-02 6.235424056649208069e-02
9.305380284786224365e-02 3.831444308161735535e-02 6.483331322669982910e-02 7.020144164562225342e-02
1.142997443675994873e-01 3.850010409951210022e-02 6.399919092655181885e-02 7.210326939821243286e-02
1.146588996052742004e-01 2.983717620372772217e-02 4.857646673917770386e-02 5.633979290723800659e-02
1.142150983214378357e-01 3.744211420416831970e-02 6.451348960399627686e-02 6.902841478586196899e-02
1.130534112453460693e-01 4.508130624890327454e-02 9.603546559810638428e-02 8.058111369609832764e-02
1.353212893009185791e-01 5.387884378433227539e-02 1.052213311195373535e-01 8.794891089200973511e-02
1.645434945821762085e-01 6.895820796489715576e-02 1.260059326887130737e-01 1.014479398727416992e-01
1.824637204408645630e-01 9.145788848400115967e-02 1.692593246698379517e-01 1.074119433760643005e-01
1.864698082208633423e-01 1.063548028469085693e-01 1.742682605981826782e-01 9.559847414493560791e-02
1.903651505708694458e-01 1.002332493662834167e-01 1.693504005670547485e-01 9.921275824308395386e-02
1.864998489618301392e-01 1.087894737720489502e-01 1.782681047916412354e-01 1.264063417911529541e-01
1.974802315235137939e-01 1.154306903481483459e-01 1.844104975461959839e-01 1.053951755166053772e-01
1.717415601015090942e-01 8.799506723880767822e-02 1.791118085384368896e-01 1.008148491382598877e-01
1.229956001043319702e-01 4.434917867183685303e-02 1.312368065118789673e-01 8.200932294130325317e-02
1.227144822478294373e-01 2.961293235421180725e-02 9.110479801893234253e-02 9.005166590213775635e-02
1.018387824296951294e-01 2.934788726270198822e-02 6.620535999536514282e-02 7.792204618453979492e-02
9.309577941894531250e-02 3.223235905170440674e-02 7.245872169733047485e-02 6.425746530294418335e-02
7.878597080707550049e-02 3.248314559459686279e-02 6.016248837113380432e-02 7.825355231761932373e-02
9.033656120300292969e-02 4.510644823312759399e-02 7.708756625652313232e-02 6.962860375642776489e-02
1.164350584149360657e-01 4.113032668828964233e-02 6.831047683954238892e-02 7.969330996274948120e-02
1.443821489810943604e-01 3.397342190146446228e-02 7.371269166469573975e-02 8.045540004968643188e-02
1.268437206745147705e-01 2.379768528044223785e-02 5.855750292539596558e-02 9.410330653190612793e-02
1.474121361970901489e-01 2.818615734577178955e-02 5.353334173560142517e-02 6.826294958591461182e-02
1.410553902387619019e-01 3.510348498821258545e-02 7.900524884462356567e-02 7.638563215732574463e-02
1.153382137417793274e-01 3.010165318846702576e-02 6.973560154438018799e-02 4.535916820168495178e-02
8.486035466194152832e-02 3.283269330859184265e-02 6.026413291692733765e-02 3.197817876935005188e-02
6.396809220314025879e-02 4.218072816729545593e-02 8.212840557098388672e-02 4.086800664663314819e-02
1.046037822961807251e-01 4.884376376867294312e-02 7.090593129396438599e-02 6.692534685134887695e-02
7.602270692586898804e-02 3.753354400396347046e-02 4.961812123656272888e-02 6.037945300340652466e-02
6.588842719793319702e-02 2.903474867343902588e-02 4.010774940252304077e-02 3.657054156064987183e-02
7.121985405683517456e-02 2.804842032492160797e-02 4.717125371098518372e-02 5.342129245400428772e-02
8.613312244415283203e-02 2.726915292441844940e-02 5.154407396912574768e-02 5.478871613740921021e-02
8.144766837358474731e-02 5.480644851922988892e-02 7.456561177968978882e-02 4.912705719470977783e-02
1.252164542675018311e-01 5.105414241552352905e-02 6.805157661437988281e-02 6.401750445365905762e-02
1.210329830646514893e-01 2.712778560817241669e-02 2.267104387283325195e-02 5.378623306751251221e-02
8.523035794496536255e-02 2.153274230659008026e-02 1.782382838428020477e-02 4.169805720448493958e-02
3.963463753461837769e-02 2.158826403319835663e-02 1.566806808114051819e-02 1.834283955395221710e-02
3.003079630434513092e-02 3.625772520899772644e-02 2.532560750842094421e-02 2.024127729237079620e-02
6.220237538218498230e-02 4.076705500483512878e-02 3.861100226640701294e-02 2.694879099726676941e-02
1.096024513244628906e-01 2.652393095195293427e-02 3.129069134593009949e-02 3.396335244178771973e-02
1.019915416836738586e-01 4.640065133571624756e-02 3.043035417795181274e-02 3.123567067086696625e-02
8.269873261451721191e-02 4.197231307625770569e-02 2.167375758290290833e-02 2.333145961165428162e-02
8.548482507467269897e-02 2.636482566595077515e-02 2.778634615242481232e-02 2.963541261851787567e-02
1.584060192108154297e-01 3.134938329458236694e-02 2.437826432287693024e-02 2.737364545464515686e-02
1.157588660717010498e-01 2.661242522299289703e-02 1.693816110491752625e-02 2.694210223853588104e-02
9.935241192579269409e-02 2.568602003157138824e-02 1.377212628722190857e-02 3.862228617072105408e-02
7.403501123189926147e-02 1.563618332147598267e-02 1.471745688468217850e-02 2.598011121153831482e-02
9.296556562185287476e-02 1.111128274351358414e-02 1.711555756628513336e-02 3.111360780894756317e-02
7.535067200660705566e-02 9.820448234677314758e-03 1.045866776257753372e-02 3.089197352528572083e-02
5.544389039278030396e-02 8.123017847537994385e-03 8.137076161801815033e-03 3.179279714822769165e-02
5.375115200877189636e-02 1.210128050297498703e-02 7.445507217198610306e-03 2.911139652132987976e-02
5.202052742242813110e-02 1.414439268410205841e-02 1.096493843942880630e-02 2.926241233944892883e-02
6.851948797702789307e-02 2.684110589325428009e-02 1.415517460554838181e-02 3.902272507548332214e-02
8.470931649208068848e-02 3.022862598299980164e-02 1.521535497158765793e-02 3.415391966700553894e-02
6.996063888072967529e-02 2.290226332843303680e-02 1.493990514427423477e-02 4.174696654081344604e-02
5.762483552098274231e-02 1.631944812834262848e-02 9.676031768321990967e-03 3.277043253183364868e-02
3.206285834312438965e-02 1.212858222424983978e-02 6.856474559754133224e-03 2.832159958779811859e-02
4.140639305114746094e-02 8.305761031806468964e-03 5.430218297988176346e-03 2.266640588641166687e-02
4.498908668756484985e-02 8.836105465888977051e-03 5.851111374795436859e-03 2.023147232830524445e-02
4.703543335199356079e-02 6.938007194548845291e-03 6.910664495080709457e-03 1.862424239516258240e-02
4.236775264143943787e-02 1.005412451922893524e-02 7.287424989044666290e-03 2.150912024080753326e-02
4.238282516598701477e-02 7.527675945311784744e-03 6.839834153652191162e-03 2.064454182982444763e-02
4.185213148593902588e-02 1.220177486538887024e-02 9.477209299802780151e-03 2.358728274703025818e-02
5.336157232522964478e-02 1.205162145197391510e-02 9.047091007232666016e-03 2.278672531247138977e-02
5.560420081019401550e-02 2.478551864624023438e-02 1.905914768576622009e-02 2.825081162154674530e-02
7.443673163652420044e-02 2.922841906547546387e-02 2.470220439136028290e-02 3.095936775207519531e-02
6.764476746320724487e-02 2.420775592327117920e-02 3.822429850697517395e-02 2.550579234957695007e-02
1.027546674013137817e-01 2.605851367115974426e-02 3.923004865646362305e-02 3.417375311255455017e-02
1.074676811695098877e-01 3.068013302981853485e-02 5.208253487944602966e-02 3.436020761728286743e-02
8.220358192920684814e-02 1.725069805979728699e-02 3.826439380645751953e-02 2.354072593152523041e-02
5.009922012686729431e-02 1.635508798062801361e-02 2.571462653577327728e-02 2.404962480068206787e-02
9.696570783853530884e-02 1.914757117629051208e-02 4.508529976010322571e-02 4.218224063515663147e-02
8.531957119703292847e-02 2.907885983586311340e-02 5.701820179820060730e-02 4.161810129880905151e-02
7.716097682714462280e-02 2.044336870312690735e-02 6.213591620326042175e-02 3.129778429865837097e-02
9.328581392765045166e-02 2.121589519083499908e-02 6.278528273105621338e-02 4.091322794556617737e-02
1.246203482151031494e-01 1.350074633955955505e-02 6.084214895963668823e-02 4.400593042373657227e-02
1.084271594882011414e-01 1.961317658424377441e-02 6.622440367937088013e-02 4.937807843089103699e-02
1.435337066650390625e-01 2.197546139359474182e-02 6.277257204055786133e-02 5.716285482048988342e-02
1.258591711521148682e-01 2.751322649419307709e-02 7.717093080282211304e-02 6.598909199237823486e-02
1.742297112941741943e-01 3.871085122227668762e-02 8.921410888433456421e-02 8.254807442426681519e-02
1.443013697862625122e-01 3.044897317886352539e-02 9.829558432102203369e-02 8.793030679225921631e-02
1.706750988960266113e-01 2.924964204430580139e-02 1.113413795828819275e-01 9.821748733520507812e-02
2.114132195711135864e-01 2.604974061250686646e-02 9.653978794813156128e-02 9.510825574398040771e-02
1.885706633329391479e-01 2.394789829850196838e-02 8.813647180795669556e-02 1.064199656248092651e-01
1.931504011154174805e-01 2.915112115442752838e-02 7.249245792627334595e-02 9.910970181226730347e-02
1.626735776662826538e-01 2.943909354507923126e-02 7.072459161281585693e-02 1.236497759819030762e-01
1.619024276733398438e-01 2.527866326272487640e-02 8.015690743923187256e-02 1.071541234850883484e-01
1.745814830064773560e-01 2.312031388282775879e-02 7.418534159660339355e-02 9.919448196887969971e-02
1.735550314188003540e-01 2.494116500020027161e-02 1.038202121853828430e-01 1.427632868289947510e-01
1.898109167814254761e-01 3.204314038157463074e-02 1.101787760853767395e-01 1.612179875373840332e-01
1.916849613189697266e-01 2.759608067572116852e-02 1.229145675897598267e-01 1.221049651503562927e-01
1.672087013721466064e-01 3.201195597648620605e-02 8.819209784269332886e-02 7.911755144596099854e-02
1.479180902242660522e-01 3.588069602847099304e-02 8.353580534458160400e-02 7.525577396154403687e-02
1.273144036531448364e-01 2.798528596758842468e-02 6.004266068339347839e-02 6.259264051914215088e-02
1.399497538805007935e-01 1.692875474691390991e-02 4.341773688793182373e-02 5.927904322743415833e-02
1.236101463437080383e-01 2.722178585827350616e-02 4.651266708970069885e-02 7.109626382589340210e-02
1.358856707811355591e-01 3.591469302773475647e-02 6.669099628925323486e-02 8.043273538351058960e-02
1.298528164625167847e-01 5.453939735889434814e-02 7.558630406856536865e-02 9.999576956033706665e-02
1.640602350234985352e-01 8.645254373550415039e-02 9.372373670339584351e-02 1.392302960157394409e-01
1.503721177577972412e-01 6.692672520875930786e-02 7.546046376228332520e-02 1.177330613136291504e-01
1.680710464715957642e-01 5.571805313229560852e-02 1.004502624273300171e-01 1.577841490507125854e-01
1.733257919549942017e-01 6.401196122169494629e-02 1.003874987363815308e-01 1.617383509874343872e-01
1.778334528207778931e-01 5.813048407435417175e-02 1.184679120779037476e-01 1.728606671094894409e-01
1.680296808481216431e-01 6.952489912509918213e-02 1.207806989550590515e-01 1.681511998176574707e-01
1.355263739824295044e-01 7.362499833106994629e-02 1.301710456609725952e-01 1.633565276861190796e-01
1.237403154373168945e-01 5.897280946373939514e-02 1.400813311338424683e-01 1.514864265918731689e-01
1.271182745695114136e-01 6.214504688978195190e-02 1.284798085689544678e-01 1.418914049863815308e-01
1.186219677329063416e-01 3.472298756241798401e-02 9.300407022237777710e-02 1.468309313058853149e-01
1.268445551395416260e-01 3.888614103198051453e-02 7.056593149900436401e-02 1.375812441110610962e-01
1.453233063220977783e-01 5.482759699225425720e-02 8.243390172719955444e-02 1.507106423377990723e-01
1.240215077996253967e-01 4.147681966423988342e-02 6.993289291858673096e-02 1.313650459051132202e-01
1.330745816230773926e-01 5.608002468943595886e-02 7.298509031534194946e-02 1.160503476858139038e-01
1.438453197479248047e-01 4.592834413051605225e-02 5.580054968595504761e-02 1.562197804450988770e-01
8.584120124578475952e-02 4.121292382478713989e-02 5.857648327946662903e-02 7.849447429180145264e-02
6.045005843043327332e-02 5.429373309016227722e-02 7.301171123981475830e-02 8.051125705242156982e-02
8.572284132242202759e-02 5.229398980736732483e-02 6.407007575035095215e-02 7.843545079231262207e-02
8.265005797147750854e-02 4.851273819804191589e-02 6.233279034495353699e-02 1.096082180738449097e-01
1.446458101272583008e-01 4.732228815555572510e-02 1.246312633156776428e-01 1.218397393822669983e-01
1.237558946013450623e-01 5.095996707677841187e-02 1.090215668082237244e-01 1.080707237124443054e-01
8.409711718559265137e-02 3.300709649920463562e-02 6.374076008796691895e-02 5.727275460958480835e-02
6.206048652529716492e-02 4.386443272233009338e-02 5.172846093773841858e-02 5.740091204643249512e-02
9.816707670688629150e-02 4.965271800756454468e-02 7.682007551193237305e-02 7.715786993503570557e-02
7.615825533866882324e-02 6.488674134016036987e-02 7.555656135082244873e-02 9.405522793531417847e-02
4.341328144073486328e-02 5.744167417287826538e-02 5.668644234538078308e-02 4.793965443968772888e-02
4.004295170307159424e-02 5.751242861151695251e-02 6.875430792570114136e-02 5.019050091505050659e-02
3.672197833657264709e-02 5.810005217790603638e-02 5.075310543179512024e-02 5.294018238782882690e-02
5.602971464395523071e-02 6.713869422674179077e-02 5.331960320472717285e-02 7.415665686130523682e-02
8.216381818056106567e-02 5.851203948259353638e-02 5.241090059280395508e-02 9.780475497245788574e-02
6.824093312025070190e-02 5.641569197177886963e-02 4.288456588983535767e-02 7.295657694339752197e-02
5.932294577360153198e-02 5.085961893200874329e-02 2.646125294268131256e-02 6.103911250829696655e-02
4.209895804524421692e-02 2.846885472536087036e-02 3.341437876224517822e-02 3.471169248223304749e-02
4.837851971387863159e-02 2.892776764929294586e-02 2.956598438322544098e-02 3.622161224484443665e-02
3.574842214584350586e-02 4.196054115891456604e-02 1.864706352353096008e-02 2.794966474175453186e-02
4.082226008176803589e-02 2.395198866724967957e-02 1.440348755568265915e-02 2.874311804771423340e-02
3.959796205163002014e-02 4.082355648279190063e-02 1.419753767549991608e-02 2.697552554309368134e-02
4.857269674539566040e-02 4.444550350308418274e-02 1.639211177825927734e-02 3.764646872878074646e-02
8.278872072696685791e-02 4.024710506200790405e-02 2.042284794151782990e-02 4.622665420174598694e-02
1.492933183908462524e-01 4.970743507146835327e-02 2.162180282175540924e-02 7.138331979513168335e-02
2.034603208303451538e-01 4.121544212102890015e-02 2.923825010657310486e-02 1.175327599048614502e-01
1.852785348892211914e-01 4.132435098290443420e-02 3.045319579541683197e-02 8.558081090450286865e-02
1.698902696371078491e-01 4.429928585886955261e-02 3.255164250731468201e-02 7.212297618389129639e-02
1.421116441488265991e-01 3.554505854845046997e-02 3.337781503796577454e-02 7.394990324974060059e-02
1.238885596394538879e-01 3.531891107559204102e-02 2.921049110591411591e-02 7.292757183313369751e-02
8.442854136228561401e-02 5.467815324664115906e-02 3.252417221665382385e-02 6.951202452182769775e-02
8.500297367572784424e-02 5.503109470009803772e-02 3.104161471128463745e-02 7.108689099550247192e-02
1.292865872383117676e-01 3.816685825586318970e-02 3.086254373192787170e-02 6.976117193698883057e-02
1.670489460229873657e-01 3.882059454917907715e-02 4.348304867744445801e-02 8.068540692329406738e-02
1.659949272871017456e-01 5.155610293149948120e-02 4.905764013528823853e-02 9.110995382070541382e-02
1.949919313192367554e-01 9.544388204813003540e-02 8.195388317108154297e-02 1.037978529930114746e-01
2.204347550868988037e-01 8.424528688192367554e-02 6.753596663475036621e-02 1.194345802068710327e-01
1.671748161315917969e-01 8.000437170267105103e-02 8.325622975826263428e-02 1.338005214929580688e-01
1.630319356918334961e-01 7.813679426908493042e-02 6.327001750469207764e-02 1.192051991820335388e-01
1.285232603549957275e-01 6.668252497911453247e-02 5.869545042514801025e-02 8.711881935596466064e-02
7.382020354270935059e-02 5.655588209629058838e-02 5.490918457508087158e-02 6.463251262903213501e-02
8.387417346239089966e-02 3.362332656979560852e-02 3.886982053518295288e-02 4.827088862657546997e-02
4.878576844930648804e-02 2.901318669319152832e-02 3.914974629878997803e-02 4.230772331357002258e-02
2.932942472398281097e-02 2.133649401366710663e-02 2.704905904829502106e-02 2.666339464485645294e-02
6.864730268716812134e-02 4.871599003672599792e-02 5.007842928171157837e-02 3.815688192844390869e-02
7.954020053148269653e-02 6.048442050814628601e-02 5.230514332652091980e-02 5.139933899044990540e-02
6.158356741070747375e-02 5.088233202695846558e-02 6.288355588912963867e-02 3.501027449965476990e-02
4.626624658703804016e-02 4.330145567655563354e-02 4.560358077287673950e-02 1.638689264655113220e-02
2.759524248540401459e-02 4.643455892801284790e-02 4.960589110851287842e-02 1.436760742217302322e-02
1.146122533828020096e-02 3.757084906101226807e-02 3.832456469535827637e-02 1.259479485452175140e-02
2.190781198441982269e-02 3.050841204822063446e-02 3.223516047000885010e-02 1.384657248854637146e-02
2.707790583372116089e-02 2.642162516713142395e-02 3.289045393466949463e-02 1.203428395092487335e-02
1.942290365695953369e-02 2.638023346662521362e-02 3.197686001658439636e-02 1.584120467305183411e-02
1.748322881758213043e-02 1.669926010072231293e-02 3.127364069223403931e-02 2.896245941519737244e-02
1.307910960167646408e-02 1.862124353647232056e-02 3.535372763872146606e-02 3.057113103568553925e-02
1.516442466527223587e-02 1.443541888147592545e-02 3.071786276996135712e-02 2.951367013156414032e-02
1.453203521668910980e-02 1.780277118086814880e-02 2.892376296222209930e-02 3.208209574222564697e-02
1.992638036608695984e-02 2.322109602391719818e-02 4.691866785287857056e-02 2.929483540356159210e-02
2.117054909467697144e-02 3.050085343420505524e-02 3.587108850479125977e-02 3.274641931056976318e-02
2.054400183260440826e-02 2.478214167058467865e-02 3.758779168128967285e-02 2.051714807748794556e-02
1.405262947082519531e-02 2.270777523517608643e-02 3.456854075193405151e-02 2.628475800156593323e-02
1.625126227736473083e-02 2.433739043772220612e-02 4.180012270808219910e-02 3.959808871150016785e-02
1.048073545098304749e-02 2.269857190549373627e-02 3.441450744867324829e-02 3.242185711860656738e-02
1.301776990294456482e-02 1.746853254735469818e-02 2.729903720319271088e-02 2.925077825784683228e-02
1.625716313719749451e-02 1.647022925317287445e-02 2.846947312355041504e-02 3.554933518171310425e-02
2.228913642466068268e-02 1.800669543445110321e-02 2.660003304481506348e-02 4.606221243739128113e-02
2.934438176453113556e-02 2.053343690931797028e-02 2.697438560426235199e-02 3.002328239381313324e-02
3.279149532318115234e-02 3.088540770113468170e-02 3.197379782795906067e-02 2.777416259050369263e-02
6.074618920683860779e-02 4.384772479534149170e-02 3.921680524945259094e-02 3.849969059228897095e-02
4.627076908946037292e-02 5.047362670302391052e-02 4.914841055870056152e-02 2.528220042586326599e-02
6.516323983669281006e-02 4.705014079809188843e-02 4.968840256333351135e-02 5.444690957665443420e-02
7.214700430631637573e-02 6.357716023921966553e-02 4.255516082048416138e-02 7.014802098274230957e-02
4.257376864552497864e-02 4.840725287795066833e-02 5.216730386018753052e-02 5.671838670969009399e-02
3.215892985463142395e-02 3.805169835686683655e-02 4.004032909870147705e-02 5.649411305785179138e-02
3.548442944884300232e-02 2.914156019687652588e-02 4.530898854136466980e-02 6.915245205163955688e-02
9.133598953485488892e-02 3.604454919695854187e-02 5.324734747409820557e-02 8.006926625967025757e-02
8.799466490745544434e-02 4.412381350994110107e-02 7.253748923540115356e-02 8.942592144012451172e-02
1.438085734844207764e-01 6.290011107921600342e-02 8.334558457136154175e-02 9.852042794227600098e-02
1.633590161800384521e-01 1.164326518774032593e-01 1.246031820774078369e-01 1.317921280860900879e-01
1.981679946184158325e-01 1.189825385808944702e-01 1.398173570632934570e-01 1.306471079587936401e-01
1.570152044296264648e-01 7.229688763618469238e-02 1.312875449657440186e-01 1.205790489912033081e-01
1.832416057586669922e-01 7.508510351181030273e-02 1.099978461861610413e-01 1.399590224027633667e-01
1.471034586429595947e-01 3.696471080183982849e-02 9.325313568115234375e-02 1.395885348320007324e-01
1.898979544639587402e-01 6.839006394147872925e-02 8.764441311359405518e-02 1.235072985291481018e-01
2.393299043178558350e-01 8.767648041248321533e-02 1.095442920923233032e-01 1.684033721685409546e-01
2.803990840911865234e-01 7.927456498146057129e-02 1.325322687625885010e-01 1.652075201272964478e-01
2.193888276815414429e-01 8.482909202575683594e-02 1.126491874456405640e-01 1.389272212982177734e-01
2.043762654066085815e-01 5.715505778789520264e-02 1.100071370601654053e-01 1.355498135089874268e-01
1.263138800859451294e-01 6.289308518171310425e-02 8.578594774007797241e-02 9.525395929813385010e-02
9.480742365121841431e-02 4.087742045521736145e-02 5.217306688427925110e-02 6.916875392198562622e-02
1.159400418400764465e-01 2.776531316339969635e-02 4.698493331670761108e-02 7.784407585859298706e-02
1.386638730764389038e-01 4.237106069922447205e-02 5.164599046111106873e-02 7.024333626031875610e-02
1.857333630323410034e-01 5.317311733961105347e-02 4.858908429741859436e-02 7.177063077688217163e-02
1.638966053724288940e-01 3.292277082800865173e-02 5.713222920894622803e-02 8.533730357885360718e-02
9.766603261232376099e-02 2.298131585121154785e-02 5.252683535218238831e-02 5.359185487031936646e-02
1.073245182633399963e-01 3.243324160575866699e-02 6.213495880365371704e-02 6.125224381685256958e-02
1.222370937466621399e-01 2.743440121412277222e-02 6.511370092630386353e-02 5.465788766741752625e-02
1.245960071682929993e-01 2.871755696833133698e-02 7.225640863180160522e-02 7.788556814193725586e-02
2.136997431516647339e-01 4.066198319196701050e-02 8.557839691638946533e-02 1.081477850675582886e-01
2.317134439945220947e-01 3.905415162444114685e-02 1.069232523441314697e-01 1.211862415075302124e-01
1.520387381315231323e-01 2.745355479419231415e-02 8.271580934524536133e-02 1.204183846712112427e-01
2.123293876647949219e-01 2.536093816161155701e-02 8.834939450025558472e-02 1.169115751981735229e-01
1.985015273094177246e-01 4.651396721601486206e-02 7.753412425518035889e-02 1.105115264654159546e-01
1.437746286392211914e-01 5.391515791416168213e-02 1.057289540767669678e-01 1.244000270962715149e-01
1.088724136352539062e-01 4.469479247927665710e-02 7.765787839889526367e-02 1.138616055250167847e-01
5.747240409255027771e-02 3.486516699194908142e-02 4.916529357433319092e-02 9.490539878606796265e-02
7.419826090335845947e-02 3.171253949403762817e-02 7.091838121414184570e-02 9.150816500186920166e-02
8.358711004257202148e-02 3.724956884980201721e-02 5.876257643103599548e-02 7.513672858476638794e-02
6.193374842405319214e-02 2.216425724327564240e-02 4.759330675005912781e-02 6.487207859754562378e-02
5.720697343349456787e-02 2.744197845458984375e-02 4.596984758973121643e-02 6.746903806924819946e-02
6.336539238691329956e-02 2.381485141813755035e-02 4.595356062054634094e-02 8.133514970541000366e-02
6.549756973981857300e-02 1.911414600908756256e-02 4.355144128203392029e-02 6.355622410774230957e-02
6.512501835823059082e-02 1.356662157922983170e-02 3.087325766682624817e-02 4.886578023433685303e-02
1.776078902184963226e-02 1.543797645717859268e-02 2.271542325615882874e-02 3.455960378050804138e-02
1.174864172935485840e-02 1.494724024087190628e-02 2.133335731923580170e-02 2.497366070747375488e-02
1.237741764634847641e-02 1.136179454624652863e-02 1.460262108594179153e-02 1.616057381033897400e-02
1.644166745245456696e-02 7.589370477944612503e-03 1.914769597351551056e-02 1.847090013325214386e-02
1.997494138777256012e-02 1.450244151055812836e-02 2.460667863488197327e-02 2.721774019300937653e-02
2.382987551391124725e-02 1.117531675845384598e-02 2.455295063555240631e-02 3.711729124188423157e-02
4.401282221078872681e-02 1.002389006316661835e-02 2.526114508509635925e-02 4.987165331840515137e-02
2.983619645237922668e-02 8.897736668586730957e-03 2.434269525110721588e-02 3.132606670260429382e-02
3.486786410212516785e-02 1.095700822770595551e-02 1.835131458938121796e-02 3.187440335750579834e-02
4.915697127580642700e-02 1.068366784602403641e-02 2.244954928755760193e-02 3.127811104059219360e-02
3.084991686046123505e-02 1.018082816153764725e-02 3.322906792163848877e-02 2.473420090973377228e-02
1.873427256941795349e-02 1.400398183614015579e-02 3.924519196152687073e-02 2.333215437829494476e-02
6.755714118480682373e-02 1.384653337299823761e-02 5.217771232128143311e-02 3.493049740791320801e-02
9.474127739667892456e-02 1.611709035933017731e-02 6.705105304718017578e-02 3.701403737068176270e-02
9.778762608766555786e-02 2.174767479300498962e-02 7.202551513910293579e-02 3.735109046101570129e-02
4.667336493730545044e-02 3.169175609946250916e-02 8.102498203516006470e-02 2.331502921879291534e-02
3.697627410292625427e-02 3.408031910657882690e-02 8.017459511756896973e-02 3.515215590596199036e-02
3.980391472578048706e-02 4.134755209088325500e-02 9.368385374546051025e-02 4.430861398577690125e-02
1.431733965873718262e-01 6.076326221227645874e-02 1.254182457923889160e-01 8.685938268899917603e-02
1.031954810023307800e-01 5.508674308657646179e-02 1.167228370904922485e-01 9.035409986972808838e-02
7.978244870901107788e-02 6.145783513784408569e-02 1.153975352644920349e-01 7.068341970443725586e-02
6.295337527990341187e-02 6.612709164619445801e-02 1.098814085125923157e-01 5.417238548398017883e-02
7.799457758665084839e-02 5.796135589480400085e-02 1.073771119117736816e-01 5.204873904585838318e-02
7.102822512388229370e-02 5.118010938167572021e-02 1.014563068747520447e-01 4.698552936315536499e-02
1.026609763503074646e-01 5.895262211561203003e-02 9.881175309419631958e-02 7.289442420005798340e-02
1.412880122661590576e-01 4.661479964852333069e-02 1.144176274538040161e-01 7.100812345743179321e-02
1.390504986047744751e-01 1.152863353490829468e-01 1.512403190135955811e-01 6.452050805091857910e-02
1.591371446847915649e-01 1.246864274144172668e-01 1.677342057228088379e-01 7.456441223621368408e-02
1.387381851673126221e-01 1.766367703676223755e-01 1.679625064134597778e-01 5.881166458129882812e-02
1.655504405498504639e-01 1.422133445739746094e-01 1.290182769298553467e-01 5.684124678373336792e-02
1.582880765199661255e-01 1.446965783834457397e-01 1.361512392759323120e-01 5.295010283589363098e-02
1.399929523468017578e-01 1.850924491882324219e-01 1.296532005071640015e-01 5.695877596735954285e-02
1.726140528917312622e-01 1.893724352121353149e-01 1.451930850744247437e-01 7.674203068017959595e-02
1.769409030675888062e-01 2.030579596757888794e-01 1.009863018989562988e-01 7.597527652978897095e-02
1.958725154399871826e-01 1.771708726882934570e-01 1.159680038690567017e-01 9.555152803659439087e-02
1.816913336515426636e-01 1.961557865142822266e-01 1.081761419773101807e-01 7.926134020090103149e-02
1.913602203130722046e-01 2.999806404113769531e-01 1.707570850849151611e-01 1.127224415540695190e-01
1.800424605607986450e-01 2.633356153964996338e-01 1.410254240036010742e-01 1.100663244724273682e-01
2.033817470073699951e-01 3.183108270168304443e-01 1.384883224964141846e-01 1.022595241665840149e-01
2.123896479606628418e-01 3.394522070884704590e-01 8.978407829999923706e-02 7.605026662349700928e-02
1.920149773359298706e-01 3.155251443386077881e-01 8.580270409584045410e-02 7.956460863351821899e-02
1.457427293062210083e-01 2.302515804767608643e-01 6.959268450736999512e-02 7.212950289249420166e-02
1.233891546726226807e-01 2.106230854988098145e-01 7.511088997125625610e-02 5.371252074837684631e-02
9.913492947816848755e-02 1.544744670391082764e-01 8.783943206071853638e-02 3.991043940186500549e-02
1.168356835842132568e-01 1.226608380675315857e-01 7.251578569412231445e-02 5.887323245406150818e-02
9.221256524324417114e-02 1.010316833853721619e-01 6.174233183264732361e-02 5.131369829177856445e-02
9.365553408861160278e-02 7.221993058919906616e-02 6.917351484298706055e-02 5.358724668622016907e-02
7.492688298225402832e-02 6.833534687757492065e-02 4.884240403771400452e-02 2.850224077701568604e-02
6.162035092711448669e-02 5.433097481727600098e-02 4.392702132463455200e-02 2.385232038795948029e-02
5.777283012866973877e-02 4.024612903594970703e-02 4.021009057760238647e-02 4.172227904200553894e-02
6.885561347007751465e-02 3.846506401896476746e-02 4.021776467561721802e-02 3.627037629485130310e-02
6.357413530349731445e-02 3.251729905605316162e-02 3.080337494611740112e-02 3.021379001438617706e-02
4.940814524888992310e-02 2.767066098749637604e-02 2.940683439373970032e-02 2.749999426305294037e-02
6.713488698005676270e-02 2.185525372624397278e-02 2.640982158482074738e-02 2.212504111230373383e-02
5.799813196063041687e-02 1.533640362322330475e-02 2.833934500813484192e-02 3.845516219735145569e-02
6.092843040823936462e-02 1.381708122789859772e-02 2.114445343613624573e-02 4.519110172986984253e-02
6.402380019426345825e-02 1.152341812849044800e-02 1.828863099217414856e-02 3.061339259147644043e-02
6.414356082677841187e-02 6.414081435650587082e-03 1.160014420747756958e-02 2.301556244492530823e-02
3.978045657277107239e-02 6.712937727570533752e-03 1.568123698234558105e-02 1.626066491007804871e-02
2.814101986587047577e-02 1.821952499449253082e-02 2.484775893390178680e-02 1.214551646262407303e-02
1.575664244592189789e-02 1.242028735578060150e-02 2.186878956854343414e-02 1.008740998804569244e-02
3.713236004114151001e-02 1.619487814605236053e-02 4.702426493167877197e-02 2.352096512913703918e-02
3.457894176244735718e-02 2.010981738567352295e-02 4.468232393264770508e-02 2.454398758709430695e-02
1.802522502839565277e-02 2.198063395917415619e-02 4.206045717000961304e-02 2.074998617172241211e-02
5.336705222725868225e-02 2.446647174656391144e-02 5.124265700578689575e-02 5.573909357190132141e-02
7.354900985956192017e-02 2.591707184910774231e-02 5.366622284054756165e-02 6.259141862392425537e-02
7.331834733486175537e-02 4.272408783435821533e-02 5.980112776160240173e-02 7.457169890403747559e-02
5.397391319274902344e-02 5.039195343852043152e-02 5.196434259414672852e-02 6.142832711338996887e-02
5.673899129033088684e-02 3.968017548322677612e-02 4.679005593061447144e-02 5.572146549820899963e-02
6.187793612480163574e-02 3.433143347501754761e-02 4.819976538419723511e-02 5.453017726540565491e-02
6.632551550865173340e-02 3.782473132014274597e-02 5.231131240725517273e-02 4.721869528293609619e-02
8.310261368751525879e-02 4.350170493125915527e-02 7.816363871097564697e-02 7.001435011625289917e-02
7.658721506595611572e-02 3.028031066060066223e-02 5.634264275431632996e-02 6.134804710745811462e-02
7.145964354276657104e-02 3.162965923547744751e-02 5.929343029856681824e-02 4.697470366954803467e-02
8.760967850685119629e-02 3.357793763279914856e-02 5.627227947115898132e-02 4.921382293105125427e-02
1.142609119415283203e-01 3.423115983605384827e-02 6.599403172731399536e-02 7.353322207927703857e-02
1.205680221319198608e-01 4.207580164074897766e-02 6.283594667911529541e-02 5.153346806764602661e-02
1.636593192815780640e-01 5.375431850552558899e-02 8.359720557928085327e-02 7.309198379516601562e-02
1.924898773431777954e-01 5.477185174822807312e-02 8.093950897455215454e-02 7.676938176155090332e-02
1.555812656879425049e-01 5.005948990583419800e-02 7.691548764705657959e-02 7.894264906644821167e-02
8.897798508405685425e-02 2.323232032358646393e-02 4.207109287381172180e-02 6.017850711941719055e-02
9.130536019802093506e-02 2.852481417357921600e-02 4.984056204557418823e-02 7.737165689468383789e-02
1.146698668599128723e-01 5.191478878259658813e-02 8.844428509473800659e-02 1.073177307844161987e-01
1.450560092926025391e-01 6.080053001642227173e-02 1.129281297326087952e-01 1.111662015318870544e-01
1.134360060095787048e-01 4.911633208394050598e-02 1.083725020289421082e-01 1.225323751568794250e-01
1.073756441473960876e-01 4.845369607210159302e-02 8.562203496694564819e-02 1.119202524423599243e-01
8.881286531686782837e-02 3.519551455974578857e-02 7.361215353012084961e-02 7.926864922046661377e-02
9.796187281608581543e-02 3.482559695839881897e-02 5.668815225362777710e-02 8.454965054988861084e-02
9.922053664922714233e-02 3.822007402777671814e-02 6.145181134343147278e-02 7.475678622722625732e-02
8.401055634021759033e-02 3.810657560825347900e-02 7.666417211294174194e-02 7.372517883777618408e-02
1.086690053343772888e-01 4.191932827234268188e-02 6.290927529335021973e-02 7.917602360248565674e-02
1.166186034679412842e-01 5.773341655731201172e-02 8.139024674892425537e-02 8.734036982059478760e-02
1.025621220469474792e-01 6.569865345954895020e-02 8.026146143674850464e-02 7.739815860986709595e-02
7.799178361892700195e-02 6.792429834604263306e-02 7.592758536338806152e-02 5.782730132341384888e-02
5.620871484279632568e-02 5.389813333749771118e-02 7.189971208572387695e-02 5.843595042824745178e-02
4.634891077876091003e-02 4.620488733053207397e-02 6.882011890411376953e-02 6.470461934804916382e-02
4.347115755081176758e-02 5.365973338484764099e-02 7.614352554082870483e-02 7.675049453973770142e-02
4.798633977770805359e-02 4.037057235836982727e-02 6.113502755761146545e-02 7.988446950912475586e-02
4.257474839687347412e-02 3.685548156499862671e-02 6.222704052925109863e-02 6.742559373378753662e-02
3.678497299551963806e-02 2.828577160835266113e-02 5.542501434683799744e-02 6.659337133169174194e-02
3.943122178316116333e-02 2.974581904709339142e-02 4.098553210496902466e-02 6.952084600925445557e-02
3.004462085664272308e-02 2.548883110284805298e-02 4.208223894238471985e-02 7.419117540121078491e-02
4.408727586269378662e-02 3.587688505649566650e-02 5.564754828810691833e-02 9.472444653511047363e-02
5.353307723999023438e-02 4.031206294894218445e-02 5.025307089090347290e-02 9.859935194253921509e-02
1.780556514859199524e-02 3.215042874217033386e-02 3.578844293951988220e-02 4.902067035436630249e-02
1.724466122686862946e-02 2.142503671348094940e-02 2.489523217082023621e-02 4.460558295249938965e-02
1.351311057806015015e-02 1.825746521353721619e-02 2.430724538862705231e-02 3.453721106052398682e-02
1.188631355762481689e-02 1.274969521909952164e-02 2.267847768962383270e-02 3.843879327178001404e-02
8.404786698520183563e-03 1.015156786888837814e-02 2.325162105262279510e-02 3.806057199835777283e-02
1.991179399192333221e-02 9.320260956883430481e-03 2.386208623647689819e-02 5.246708914637565613e-02
1.782716810703277588e-02 1.157262176275253296e-02 2.416328713297843933e-02 5.371635034680366516e-02
1.249516475945711136e-02 1.031996775418519974e-02 2.377136237919330597e-02 3.110418654978275299e-02
1.169830095022916794e-02 9.513683617115020752e-03 1.745991595089435577e-02 2.715355716645717621e-02
8.863463997840881348e-03 1.249960158020257950e-02 1.906753517687320709e-02 3.088096901774406433e-02
5.805621854960918427e-03 1.147293299436569214e-02 1.294718496501445770e-02 2.220962569117546082e-02
6.783477962017059326e-03 1.342461071908473969e-02 1.302399579435586929e-02 2.472810447216033936e-02
5.950406193733215332e-03 1.451317872852087021e-02 1.790370605885982513e-02 2.381402440369129181e-02
6.255405955016613007e-03 8.558181114494800568e-03 1.715210266411304474e-02 2.828955277800559998e-02
1.056036911904811859e-02 6.138802040368318558e-03 1.433235500007867813e-02 3.654115274548530579e-02
4.914440214633941650e-03 4.232017323374748230e-03 1.182856597006320953e-02 1.812649518251419067e-02
3.534266958013176918e-03 7.181602995842695236e-03 1.081087347120046616e-02 1.392376422882080078e-02
4.708510823547840118e-03 7.770651020109653473e-03 9.546554647386074066e-03 1.528222486376762390e-02
6.080069113522768021e-03 9.163814596831798553e-03 1.169222686439752579e-02 1.583256199955940247e-02
4.871238954365253448e-03 8.015302941203117371e-03 1.012371480464935303e-02 1.487592887133359909e-02
4.734373651444911957e-03 9.260416030883789062e-03 1.179402042180299759e-02 1.239391323179006577e-02
3.867665538564324379e-03 5.047317594289779663e-03 9.972458705306053162e-03 9.914287365972995758e-03
5.817112978547811508e-03 1.289689820259809494e-02 1.855655759572982788e-02 1.642582751810550690e-02
9.894620627164840698e-03 2.173138782382011414e-02 2.494353614747524261e-02 2.636688761413097382e-02
8.512542583048343658e-03 3.197968378663063049e-02 3.305487334728240967e-02 2.790923975408077240e-02
1.299950107932090759e-02 1.619216613471508026e-02 4.174575582146644592e-02 3.407390788197517395e-02
9.908850304782390594e-03 1.007311698049306870e-02 3.119303844869136810e-02 4.121528938412666321e-02
1.018847152590751648e-02 1.098489109426736832e-02 2.476718276739120483e-02 2.192730456590652466e-02
7.864831946790218353e-03 1.147889439016580582e-02 2.192554622888565063e-02 1.515704952180385590e-02
9.382696822285652161e-03 1.089110318571329117e-02 1.539264898747205734e-02 1.604829169809818268e-02
1.620458997786045074e-02 1.659370772540569305e-02 3.858958929777145386e-02 4.575658217072486877e-02
1.957380399107933044e-02 1.456961967051029205e-02 3.789272904396057129e-02 5.143581703305244446e-02
1.688891649246215820e-02 1.870517060160636902e-02 4.863411560654640198e-02 5.995564907789230347e-02
1.780486479401588440e-02 1.791068352758884430e-02 3.907147049903869629e-02 4.670294746756553650e-02
1.008056104183197021e-02 1.021926943212747574e-02 3.949029743671417236e-02 3.751653060317039490e-02
1.565097086131572723e-02 9.077047929167747498e-03 2.781432494521141052e-02 2.077955938875675201e-02
1.777322962880134583e-02 1.130241993814706802e-02 3.773615881800651550e-02 2.627648971974849701e-02
1.767670176923274994e-02 1.306415535509586334e-02 4.126160219311714172e-02 2.248443290591239929e-02
1.290772017091512680e-02 9.133466519415378571e-03 2.865272201597690582e-02 2.820714749395847321e-02
1.193360704928636551e-02 6.176123395562171936e-03 1.962960138916969299e-02 2.289712987840175629e-02
7.224284112453460693e-03 5.116954445838928223e-03 1.772976294159889221e-02 1.721927896142005920e-02
2.874355996027588844e-03 5.792709067463874817e-03 1.553141605108976364e-02 4.713955335319042206e-03
2.621987136080861092e-03 5.964335985481739044e-03 1.935826987028121948e-02 4.165890160948038101e-03
8.281750604510307312e-03 6.574007682502269745e-03 2.217465639114379883e-02 9.989128448069095612e-03
4.918399266898632050e-03 5.684836767613887787e-03 1.605327613651752472e-02 7.014551665633916855e-03
2.572568133473396301e-03 4.255970939993858337e-03 1.195823587477207184e-02 7.127213291823863983e-03
1.834001508541405201e-03 2.360357902944087982e-03 9.119141846895217896e-03 4.642214160412549973e-03
1.067454810254275799e-03 2.197082620114088058e-03 6.365585140883922577e-03 3.867242950946092606e-03
9.170604753307998180e-04 2.929499372839927673e-03 6.200545933097600937e-03 4.003826528787612915e-03
1.203609746880829334e-03 2.975649200379848480e-03 8.041049353778362274e-03 2.199282171204686165e-03
1.649322104640305042e-03 3.794192569330334663e-03 1.076069939881563187e-02 2.899266546592116356e-03
2.054733922705054283e-03 5.231448914855718613e-03 1.065050065517425537e-02 3.137554973363876343e-03
2.493958687409758568e-03 6.241797469556331635e-03 9.586335159838199615e-03 4.996146075427532196e-03
1.914491760544478893e-03 1.044811308383941650e-02 1.262189447879791260e-02 3.827724140137434006e-03
1.858075731433928013e-03 1.021887362003326416e-02 1.163077354431152344e-02 3.161455737426877022e-03
1.702116336673498154e-03 9.838153608143329620e-03 1.351738907396793365e-02 2.987489569932222366e-03
1.360035967081785202e-03 8.628039620816707611e-03 1.259432081133127213e-02 3.555709030479192734e-03
2.130286302417516708e-03 9.899251163005828857e-03 1.846736483275890350e-02 7.092958316206932068e-03
2.962566912174224854e-03 1.271463092416524887e-02 1.798627339303493500e-02 9.750251658260822296e-03
3.370630787685513496e-03 1.724461093544960022e-02 1.865280978381633759e-02 1.133743394166231155e-02
4.695362877100706100e-03 1.976071298122406006e-02 1.895192638039588928e-02 1.162613648921251297e-02
4.967267159372568130e-03 1.584511622786521912e-02 1.668576709926128387e-02 1.198499836027622223e-02
4.976018797606229782e-03 1.637128181755542755e-02 1.667700707912445068e-02 1.385997794568538666e-02
6.130597554147243500e-03 1.650490052998065948e-02 1.377605181187391281e-02 1.410828623920679092e-02
7.296720519661903381e-03 1.403115410357713699e-02 1.403608918190002441e-02 1.189718302339315414e-02
8.166140876710414886e-03 1.424822770059108734e-02 1.316591445356607437e-02 1.191151980310678482e-02
1.290540024638175964e-02 1.295052468776702881e-02 9.821992367506027222e-03 2.171898260712623596e-02
1.971219293773174286e-02 1.597412116825580597e-02 8.172856643795967102e-03 2.442708425223827362e-02
2.713023871183395386e-02 1.239020749926567078e-02 6.868707016110420227e-03 2.648055925965309143e-02
3.551038727164268494e-02 1.203972194343805313e-02 5.984765011817216873e-03 2.157955244183540344e-02
3.593711182475090027e-02 1.021566241979598999e-02 7.402867078781127930e-03 1.503578480333089828e-02
3.983385860919952393e-02 1.105137355625629425e-02 9.196169674396514893e-03 1.745365932583808899e-02
3.900709003210067749e-02 9.084981866180896759e-03 6.339916028082370758e-03 1.164034195244312286e-02
3.574777394533157349e-02 6.583038717508316040e-03 6.601272150874137878e-03 1.805513165891170502e-02
4.284690693020820618e-02 7.844873704016208649e-03 9.571090340614318848e-03 2.495137043297290802e-02
3.755810856819152832e-02 7.661120500415563583e-03 1.064269524067640305e-02 2.656558901071548462e-02
4.359618574380874634e-02 6.264010909944772720e-03 1.186424028128385544e-02 2.205865830183029175e-02
5.155230313539505005e-02 5.449050106108188629e-03 1.210518088191747665e-02 3.177830576896667480e-02
6.264235824346542358e-02 5.969941616058349609e-03 1.798728853464126587e-02 5.093360319733619690e-02
5.835148692131042480e-02 8.446829393506050110e-03 2.012499794363975525e-02 6.231654435396194458e-02
8.320285379886627197e-02 6.798507180064916611e-03 2.149218134582042694e-02 6.498957425355911255e-02
9.128852933645248413e-02 5.941111594438552856e-03 1.339734252542257309e-02 7.005964964628219604e-02
5.602798610925674438e-02 9.083573706448078156e-03 2.116755954921245575e-02 4.435304924845695496e-02
5.988222733139991760e-02 8.321242406964302063e-03 2.000469900667667389e-02 4.047225043177604675e-02
4.470885545015335083e-02 7.325930055230855942e-03 2.605467662215232849e-02 4.002672433853149414e-02
6.285275518894195557e-02 8.793572895228862762e-03 2.612603455781936646e-02 4.474177584052085876e-02
6.075258180499076843e-02 1.034962944686412811e-02 2.899809926748275757e-02 4.096659645438194275e-02
7.706096023321151733e-02 1.207120157778263092e-02 3.044185787439346313e-02 5.905497446656227112e-02
5.173644796013832092e-02 1.201713550835847855e-02 3.649794310331344604e-02 4.804882034659385681e-02
5.560999736189842224e-02 1.561981718987226486e-02 4.746395349502563477e-02 6.695841997861862183e-02
1.991206556558609009e-01 1.369136385619640350e-02 4.547360166907310486e-02 1.169050037860870361e-01
2.116822153329849243e-01 1.542326994240283966e-02 4.882368817925453186e-02 1.085227504372596741e-01
7.731598615646362305e-02 1.939993910491466522e-02 6.447353959083557129e-02 9.189150482416152954e-02
7.618526369333267212e-02 1.891615986824035645e-02 3.973311185836791992e-02 5.972475185990333557e-02
9.738337993621826172e-02 1.691038720309734344e-02 6.836761534214019775e-02 1.042685806751251221e-01
1.125083640217781067e-01 2.514155581593513489e-02 7.114874571561813354e-02 1.172486320137977600e-01
1.444142013788223267e-01 3.679239004850387573e-02 8.603902906179428101e-02 1.290940195322036743e-01
1.661963164806365967e-01 3.710181266069412231e-02 9.425843507051467896e-02 1.384345442056655884e-01
1.410878449678421021e-01 3.320935741066932678e-02 8.093950897455215454e-02 1.242086216807365417e-01
1.376838237047195435e-01 3.894331678748130798e-02 7.469195127487182617e-02 1.145809888839721680e-01
9.768481552600860596e-02 3.017697669565677643e-02 7.068421691656112671e-02 9.821618348360061646e-02
1.106472760438919067e-01 2.788036130368709564e-02 8.040972799062728882e-02 9.370440244674682617e-02
9.555344283580780029e-02 3.110502101480960846e-02 6.954703480005264282e-02 8.768102526664733887e-02
2.848399244248867035e-02 2.481888979673385620e-02 5.992144718766212463e-02 5.451588332653045654e-02
7.583226263523101807e-02 3.177991881966590881e-02 6.792875379323959351e-02 8.593010902404785156e-02
6.989917159080505371e-02 4.173721000552177429e-02 8.520925790071487427e-02 9.288945794105529785e-02
8.803076297044754028e-02 4.491347447037696838e-02 8.278693258762359619e-02 1.017814874649047852e-01
1.125711575150489807e-01 3.629828616976737976e-02 8.292690664529800415e-02 1.318819522857666016e-01
1.092251390218734741e-01 3.790921345353126526e-02 8.446669578552246094e-02 1.158355921506881714e-01
8.590228855609893799e-02 4.580441117286682129e-02 8.344815671443939209e-02 1.261733770370483398e-01
9.758825600147247314e-02 4.462020471692085266e-02 8.382450044155120850e-02 1.343017518520355225e-01
1.150271445512771606e-01 5.061504244804382324e-02 9.452623873949050903e-02 1.637534797191619873e-01
9.113439917564392090e-02 2.412500418722629547e-02 7.878571003675460815e-02 1.216798573732376099e-01
1.136058568954467773e-01 2.382344938814640045e-02 6.352799385786056519e-02 8.691745251417160034e-02
1.288257986307144165e-01 3.205069899559020996e-02 7.620903104543685913e-02 1.048578396439552307e-01
1.180323287844657898e-01 3.622546419501304626e-02 1.027535945177078247e-01 1.074190288782119751e-01
1.317581236362457275e-01 5.384470149874687195e-02 1.087086871266365051e-01 1.423052251338958740e-01
1.134587898850440979e-01 6.120023876428604126e-02 1.359249353408813477e-01 1.006182283163070679e-01
9.459905326366424561e-02 5.163474753499031067e-02 1.256486475467681885e-01 7.934384047985076904e-02
1.980435103178024292e-01 7.315503805875778198e-02 1.658477187156677246e-01 1.080980300903320312e-01
2.074536979198455811e-01 8.466804772615432739e-02 1.821126341819763184e-01 1.419368386268615723e-01
2.543826997280120850e-01 1.065504029393196106e-01 2.150994539260864258e-01 1.710057258605957031e-01
2.460857927799224854e-01 1.172851324081420898e-01 2.206787765026092529e-01 1.591816544532775879e-01
3.857922852039337158e-01 9.102521091699600220e-02 2.053645104169845581e-01 2.800169885158538818e-01
4.576397836208343506e-01 9.420330822467803955e-02 2.278555184602737427e-01 2.730217278003692627e-01
3.766306638717651367e-01 1.233515888452529907e-01 2.470849603414535522e-01 3.044731020927429199e-01
3.634558916091918945e-01 1.643525063991546631e-01 2.959376275539398193e-01 4.114510416984558105e-01
4.241015911102294922e-01 1.750277727842330933e-01 3.208927810192108154e-01 4.329211711883544922e-01
5.296974182128906250e-01 2.373220026493072510e-01 3.613561391830444336e-01 4.605901241302490234e-01
5.590639710426330566e-01 3.558385372161865234e-01 4.472228586673736572e-01 4.746040105819702148e-01
5.596633553504943848e-01 3.721687793731689453e-01 4.699355661869049072e-01 4.620776474475860596e-01
5.596598386764526367e-01 3.776717185974121094e-01 4.510914683341979980e-01 4.553968906402587891e-01
5.640265941619873047e-01 3.923877477645874023e-01 4.631506204605102539e-01 4.721695482730865479e-01
5.794047117233276367e-01 3.937272429466247559e-01 4.704897701740264893e-01 4.677683711051940918e-01
5.635349154472351074e-01 3.884500861167907715e-01 4.505108892917633057e-01 4.664805233478546143e-01
5.383426547050476074e-01 3.686367273330688477e-01 4.403569996356964111e-01 4.428347349166870117e-01
5.416993498802185059e-01 3.402577042579650879e-01 3.952620923519134521e-01 4.281884133815765381e-01
4.850461781024932861e-01 2.860073149204254150e-01 3.540049195289611816e-01 3.975058197975158691e-01
3.777702152729034424e-01 1.926979869604110718e-01 2.972474694252014160e-01 3.712913095951080322e-01
2.874524593353271484e-01 1.725806146860122681e-01 2.776510417461395264e-01 2.424755692481994629e-01
1.522259265184402466e-01 7.766918838024139404e-02 1.221521273255348206e-01 1.664560288190841675e-01
1.386310458183288574e-01 5.949949100613594055e-02 9.565435349941253662e-02 1.102578043937683105e-01
4.008729383349418640e-02 5.969225242733955383e-02 7.368027418851852417e-02 6.415568292140960693e-02
3.738127648830413818e-02 3.289895877242088318e-02 4.887755960226058960e-02 6.434944272041320801e-02
2.937188372015953064e-02 3.781186416745185852e-02 5.179598182439804077e-02 5.472310259938240051e-02
2.354820817708969116e-02 3.800219297409057617e-02 3.001773543655872345e-02 5.805965885519981384e-02
1.827950403094291687e-02 2.589059621095657349e-02 3.011086955666542053e-02 2.565789595246315002e-02
2.212029136717319489e-02 2.822018973529338837e-02 2.389588020741939545e-02 3.310597687959671021e-02
2.622475661337375641e-02 2.487350814044475555e-02 3.113929927349090576e-02 3.681923449039459229e-02
1.987386308610439301e-02 1.655265688896179199e-02 2.300190739333629608e-02 3.468518704175949097e-02
2.056941948831081390e-02 1.599745638668537140e-02 2.194202132523059845e-02 2.051949687302112579e-02
1.957986690104007721e-02 1.974494941532611847e-02 2.209762111306190491e-02 2.712947130203247070e-02
2.537390030920505524e-02 1.989626884460449219e-02 2.549791708588600159e-02 1.939295604825019836e-02
2.525318600237369537e-02 2.018267288804054260e-02 2.860858850181102753e-02 2.413251064717769623e-02
2.674570120871067047e-02 2.780545689165592194e-02 3.627572581171989441e-02 3.165005519986152649e-02
3.499663248658180237e-02 3.034753538668155670e-02 4.180807992815971375e-02 5.053870379924774170e-02
3.767189756035804749e-02 4.522074759006500244e-02 4.322775453329086304e-02 4.880621656775474548e-02
5.924464389681816101e-02 5.518772453069686890e-02 5.855304747819900513e-02 6.335397809743881226e-02
8.412371575832366943e-02 6.989097595214843750e-02 7.411032915115356445e-02 1.237238645553588867e-01
9.738890826702117920e-02 8.415573835372924805e-02 8.434732258319854736e-02 1.383812874555587769e-01
8.925619721412658691e-02 5.771012604236602783e-02 6.236096099019050598e-02 1.030459776520729065e-01
1.072598248720169067e-01 7.216963917016983032e-02 5.035146698355674744e-02 9.212008118629455566e-02
1.049144491553306580e-01 7.402623444795608521e-02 4.770619422197341919e-02 7.806032150983810425e-02
8.441507071256637573e-02 8.089254051446914673e-02 4.998032376170158386e-02 8.884823322296142578e-02
1.281668543815612793e-01 7.608401030302047729e-02 6.512349843978881836e-02 1.057603359222412109e-01
2.146678268909454346e-01 8.962764590978622437e-02 7.060243189334869385e-02 1.280897110700607300e-01
1.392120867967605591e-01 9.246802330017089844e-02 7.132031768560409546e-02 1.136619746685028076e-01
1.646887063980102539e-01 8.718634396791458130e-02 6.011592969298362732e-02 1.238705664873123169e-01
1.724774986505508423e-01 9.278679639101028442e-02 7.615520060062408447e-02 1.466915905475616455e-01
1.598363965749740601e-01 8.432713896036148071e-02 8.592741191387176514e-02 1.161167919635772705e-01
1.585081070661544800e-01 8.695004135370254517e-02 7.098770886659622192e-02 1.022082343697547913e-01
1.695889532566070557e-01 1.020701974630355835e-01 8.736842125654220581e-02 1.048320233821868896e-01
6.852948665618896484e-02 6.364604830741882324e-02 5.230199918150901794e-02 7.743442803621292114e-02
7.418926060199737549e-02 8.915887027978897095e-02 7.054463773965835571e-02 9.012782573699951172e-02
8.165309578180313110e-02 8.218692988157272339e-02 7.824909687042236328e-02 7.010231167078018188e-02
1.102415472269058228e-01 8.909705281257629395e-02 7.299932092428207397e-02 6.155549362301826477e-02
9.790240973234176636e-02 7.671245187520980835e-02 8.056262135505676270e-02 8.372156322002410889e-02
8.775890618562698364e-02 6.931979954242706299e-02 7.471391558647155762e-02 7.185968011617660522e-02
5.925675109028816223e-02 5.314661934971809387e-02 5.502337217330932617e-02 7.218233495950698853e-02
5.596791952848434448e-02 4.677183553576469421e-02 5.680116638541221619e-02 7.159169018268585205e-02
5.246635526418685913e-02 4.374110698699951172e-02 5.774628371000289917e-02 6.219379603862762451e-02
4.670996591448783875e-02 3.730253130197525024e-02 5.213134735822677612e-02 4.739205166697502136e-02
4.814497753977775574e-02 4.814609140157699585e-02 4.288704320788383484e-02 5.176872014999389648e-02
4.491271823644638062e-02 3.941162303090095520e-02 4.590863361954689026e-02 3.806445747613906860e-02
3.685850277543067932e-02 3.727416694164276123e-02 4.541528970003128052e-02 3.742317482829093933e-02
5.005317553877830505e-02 3.131942451000213623e-02 4.801510274410247803e-02 5.507340282201766968e-02
8.737937361001968384e-02 3.243336826562881470e-02 4.699400812387466431e-02 6.644140928983688354e-02
2.573090977966785431e-02 2.536596544086933136e-02 4.434375092387199402e-02 2.981834113597869873e-02
2.697017416357994080e-02 2.319262921810150146e-02 4.802009090781211853e-02 2.610535174608230591e-02
3.286125510931015015e-02 2.827616594731807709e-02 5.378224328160285950e-02 4.528337717056274414e-02
3.572579845786094666e-02 3.328055888414382935e-02 5.605666711926460266e-02 4.593209549784660339e-02
3.439335152506828308e-02 3.036260232329368591e-02 5.024610832333564758e-02 3.882424160838127136e-02
4.081048816442489624e-02 2.688308060169219971e-02 4.356671869754791260e-02 3.128893673419952393e-02
4.059954732656478882e-02 2.312977239489555359e-02 4.038156569004058838e-02 2.754413150250911713e-02
3.166414052248001099e-02 2.662627585232257843e-02 3.338494524359703064e-02 3.238296508789062500e-02
3.407943993806838989e-02 1.558208186179399490e-02 3.570500761270523071e-02 2.456201985478401184e-02
3.160259500145912170e-02 1.231984980404376984e-02 2.119500748813152313e-02 1.913804933428764343e-02
3.789646923542022705e-02 9.421289898455142975e-03 2.138949930667877197e-02 2.309371158480644226e-02
3.674734756350517273e-02 7.889808155596256256e-03 1.930631138384342194e-02 2.506308630108833313e-02
4.299352690577507019e-02 1.406057924032211304e-02 1.966914907097816467e-02 2.239643968641757965e-02
4.499647021293640137e-02 1.827223598957061768e-02 2.714450843632221222e-02 2.379190362989902496e-02
4.782988131046295166e-02 3.050721436738967896e-02 3.595119714736938477e-02 3.114583715796470642e-02
4.235544055700302124e-02 3.521215543150901794e-02 3.358456864953041077e-02 2.208848297595977783e-02
5.621377378702163696e-02 3.039615042507648468e-02 3.488252311944961548e-02 2.827670983970165253e-02
1.027330160140991211e-01 2.429010719060897827e-02 4.572461545467376709e-02 1.010941267013549805e-01
9.206284582614898682e-02 2.812719903886318207e-02 4.565374925732612610e-02 7.757946103811264038e-02
8.123848587274551392e-02 3.553373366594314575e-02 4.613795131444931030e-02 4.979773238301277161e-02
5.212593823671340942e-02 2.229036763310432434e-02 3.303489834070205688e-02 2.876112051308155060e-02
3.512636944651603699e-02 3.195686638355255127e-02 3.728841245174407959e-02 4.115425422787666321e-02
3.967592120170593262e-02 2.381773293018341064e-02 2.657561004161834717e-02 3.861305490136146545e-02
4.344017803668975830e-02 2.535467967391014099e-02 3.588217869400978088e-02 5.888387933373451233e-02
7.438524812459945679e-02 3.136212006211280823e-02 5.717717111110687256e-02 9.261654317378997803e-02
8.835629373788833618e-02 1.933346502482891083e-02 4.109434783458709717e-02 9.037932008504867554e-02
7.101395726203918457e-02 2.206932753324508667e-02 4.211310297250747681e-02 7.305892556905746460e-02
7.922679185867309570e-02 2.347432263195514679e-02 4.307247698307037354e-02 8.203485608100891113e-02
8.093733340501785278e-02 2.052192203700542450e-02 4.889085143804550171e-02 8.225324004888534546e-02
8.808831125497817993e-02 2.163138799369335175e-02 4.430992528796195984e-02 8.255685120820999146e-02
4.736635461449623108e-02 2.004668675363063812e-02 3.018329851329326630e-02 4.182260110974311829e-02
6.979271024465560913e-02 2.662194520235061646e-02 3.748945519328117371e-02 4.761633276939392090e-02
6.541356444358825684e-02 2.395319938659667969e-02 3.466177359223365784e-02 5.646713823080062866e-02
8.284278213977813721e-02 2.834313362836837769e-02 3.218074887990951538e-02 5.003384128212928772e-02
8.162691444158554077e-02 3.342229127883911133e-02 3.042513504624366760e-02 4.888037592172622681e-02
6.594567000865936279e-02 2.164892852306365967e-02 1.853653788566589355e-02 3.810052946209907532e-02
5.217431858181953430e-02 1.044293213635683060e-02 1.340720336884260178e-02 3.184929862618446350e-02
4.255549982190132141e-02 1.001070626080036163e-02 1.384652685374021530e-02 2.891033142805099487e-02
5.717333033680915833e-02 1.657941192388534546e-02 1.952286623418331146e-02 4.721254855394363403e-02
5.705858021974563599e-02 1.795907691121101379e-02 1.881785690784454346e-02 4.836393520236015320e-02
5.132002383470535278e-02 2.255061082541942596e-02 2.541540563106536865e-02 3.780223056674003601e-02
4.788449406623840332e-02 2.194498851895332336e-02 3.580002114176750183e-02 6.371332705020904541e-02
9.199636429548263550e-02 1.722134649753570557e-02 3.342634066939353943e-02 9.911676496267318726e-02
8.465657383203506470e-02 2.393971942365169525e-02 4.078740626573562622e-02 1.006112396717071533e-01
8.899418264627456665e-02 2.467418275773525238e-02 4.888905584812164307e-02 8.947010338306427002e-02
5.456310510635375977e-02 1.844215020537376404e-02 4.396811127662658691e-02 4.814171046018600464e-02
5.875241011381149292e-02 1.168277021497488022e-02 3.502780571579933167e-02 3.691719472408294678e-02
4.841269180178642273e-02 1.868325844407081604e-02 3.987897560000419617e-02 3.603623062372207642e-02
6.830748915672302246e-02 2.905983105301856995e-02 4.488682001829147339e-02 3.459865227341651917e-02
4.978341609239578247e-02 2.571898140013217926e-02 3.667405620217323303e-02 1.867614313960075378e-02
4.873783886432647705e-02 1.494502834975719452e-02 3.686001151800155640e-02 2.078352309763431549e-02
6.545446068048477173e-02 1.798779331147670746e-02 3.477782383561134338e-02 2.871339395642280579e-02
5.684362351894378662e-02 2.102560922503471375e-02 3.095531836152076721e-02 1.880727708339691162e-02
3.154927119612693787e-02 1.744133979082107544e-02 2.687953785061836243e-02 1.059161964803934097e-02
2.621528320014476776e-02 1.470179669559001923e-02 3.057689033448696136e-02 1.305133663117885590e-02
1.690621674060821533e-02 1.683592982590198517e-02 2.988883666694164276e-02 1.247539278119802475e-02
2.497875876724720001e-02 1.228721998631954193e-02 2.617523446679115295e-02 1.601122692227363586e-02
3.799087181687355042e-02 1.409187354147434235e-02 3.897444531321525574e-02 3.032917343080043793e-02
3.833916410803794861e-02 2.057283557951450348e-02 5.587913841009140015e-02 5.270250886678695679e-02
2.487007901072502136e-02 2.067971229553222656e-02 3.431595116853713989e-02 2.216745167970657349e-02
1.375513523817062378e-02 1.899534277617931366e-02 3.087967820465564728e-02 1.114010438323020935e-02
1.260634604841470718e-02 1.593244075775146484e-02 2.700065635144710541e-02 1.353605091571807861e-02
1.260229293256998062e-02 1.689259894192218781e-02 2.701420150697231293e-02 1.314311660826206207e-02
1.872448436915874481e-02 2.555565349757671356e-02 3.819401934742927551e-02 2.385244332253932953e-02
2.090703509747982025e-02 3.451986983418464661e-02 4.919750615954399109e-02 3.140749409794807434e-02
2.401818335056304932e-02 4.157145321369171143e-02 4.455707967281341553e-02 2.918519452214241028e-02
3.990218043327331543e-02 3.496443852782249451e-02 6.966309994459152222e-02 4.904542863368988037e-02
4.354943707585334778e-02 4.820066317915916443e-02 7.361669093370437622e-02 7.135941088199615479e-02
3.361774235963821411e-02 4.261020570993423462e-02 5.745077505707740784e-02 5.686928331851959229e-02
3.243045881390571594e-02 4.093713685870170593e-02 5.341953039169311523e-02 5.457438528537750244e-02
3.627615049481391907e-02 3.854922205209732056e-02 5.009703338146209717e-02 6.061377376317977905e-02
4.130532220005989075e-02 4.163749516010284424e-02 6.303122639656066895e-02 5.301519483327865601e-02
3.732652589678764343e-02 4.524767398834228516e-02 7.258822023868560791e-02 5.376103892922401428e-02
4.148914292454719543e-02 3.372769430279731750e-02 6.621025502681732178e-02 5.730301514267921448e-02
4.590220004320144653e-02 3.682602569460868835e-02 6.082783266901969910e-02 3.462843224406242371e-02
4.745341092348098755e-02 3.986526653170585632e-02 5.422973260283470154e-02 3.610813245177268982e-02
6.423506140708923340e-02 4.323005303740501404e-02 6.769359856843948364e-02 3.197362646460533142e-02
5.476353317499160767e-02 5.017422884702682495e-02 5.110765993595123291e-02 2.366708777844905853e-02
4.880069568753242493e-02 5.764717236161231995e-02 7.520425319671630859e-02 2.265970408916473389e-02
5.653436109423637390e-02 6.150441616773605347e-02 7.230338454246520996e-02 1.823985762894153595e-02
6.069027632474899292e-02 4.961576312780380249e-02 6.580746173858642578e-02 1.871194504201412201e-02
5.657347664237022400e-02 6.400091946125030518e-02 7.662253081798553467e-02 1.476980093866586685e-02
8.643885701894760132e-02 8.447069674730300903e-02 1.183331012725830078e-01 2.595234848558902740e-02
8.908892422914505005e-02 7.818391174077987671e-02 1.007459685206413269e-01 2.371763810515403748e-02
7.737024128437042236e-02 6.899158656597137451e-02 8.189219236373901367e-02 2.573293447494506836e-02
5.806347727775573730e-02 6.371529400348663330e-02 7.902023941278457642e-02 4.023416712880134583e-02
5.093959718942642212e-02 5.773910880088806152e-02 8.997058123350143433e-02 4.060041159391403198e-02
6.558202952146530151e-02 7.292913645505905151e-02 9.255543351173400879e-02 4.215721040964126587e-02
1.065677031874656677e-01 7.511743158102035522e-02 9.025726467370986938e-02 5.138609930872917175e-02
1.707199215888977051e-01 9.225583821535110474e-02 1.117755621671676636e-01 5.206843465566635132e-02
1.558537185192108154e-01 9.641278535127639771e-02 9.795936197042465210e-02 7.757814973592758179e-02
2.540535032749176025e-01 1.483047902584075928e-01 1.362730413675308228e-01 1.086165010929107666e-01
2.521575093269348145e-01 1.946301758289337158e-01 1.459517776966094971e-01 1.153711378574371338e-01
1.763001829385757446e-01 1.524195522069931030e-01 1.547230631113052368e-01 9.517782181501388550e-02
2.041899263858795166e-01 1.326220482587814331e-01 1.552920341491699219e-01 9.453544020652770996e-02
1.749716699123382568e-01 1.322860419750213623e-01 1.380942165851593018e-01 8.666405081748962402e-02
1.802773773670196533e-01 1.270430237054824829e-01 1.387920528650283813e-01 9.533457458019256592e-02
1.762189269065856934e-01 2.397057861089706421e-01 1.614690572023391724e-01 8.208048343658447266e-02
1.407076418399810791e-01 1.989898830652236938e-01 1.835457831621170044e-01 1.000772491097450256e-01
1.360119432210922241e-01 1.624709218740463257e-01 1.727111190557479858e-01 9.005805104970932007e-02
1.725112348794937134e-01 1.149600297212600708e-01 1.663209050893783569e-01 9.164914488792419434e-02
1.287061423063278198e-01 1.145527884364128113e-01 1.448056399822235107e-01 7.301297038793563843e-02
1.273675113916397095e-01 9.933830797672271729e-02 1.409837752580642700e-01 7.411484420299530029e-02
7.750028371810913086e-02 8.882791548967361450e-02 1.227331086993217468e-01 5.336260795593261719e-02
1.062482371926307678e-01 1.068205684423446655e-01 1.344646513462066650e-01 1.074259504675865173e-01
8.798696100711822510e-02 5.888682603836059570e-02 8.371966332197189331e-02 9.124815464019775391e-02
7.279763370752334595e-02 5.983875319361686707e-02 8.074358850717544556e-02 8.263876289129257202e-02
1.101602613925933838e-01 5.055558308959007263e-02 7.378803938627243042e-02 1.084304526448249817e-01
9.965986758470535278e-02 6.047008931636810303e-02 8.617856353521347046e-02 6.423538923263549805e-02
1.008074954152107239e-01 6.296008825302124023e-02 8.235798031091690063e-02 8.195531368255615234e-02
1.085943430662155151e-01 7.415021210908889771e-02 9.778937697410583496e-02 7.745674252510070801e-02
1.806627213954925537e-01 9.253706783056259155e-02 1.484637111425399780e-01 1.025403514504432678e-01
1.812115460634231567e-01 1.043153554201126099e-01 1.515295803546905518e-01 1.233512610197067261e-01
2.119590640068054199e-01 1.008703857660293579e-01 1.659313738346099854e-01 1.438722163438796997e-01
2.541269958019256592e-01 1.127746999263763428e-01 2.280927896499633789e-01 2.340158224105834961e-01
2.374316155910491943e-01 1.084572821855545044e-01 2.492628842592239380e-01 1.648247539997100830e-01
3.021570146083831787e-01 1.020057350397109985e-01 2.484063059091567993e-01 1.706045120954513550e-01
3.284879326820373535e-01 1.175530403852462769e-01 2.464112937450408936e-01 2.031162083148956299e-01
4.095607101917266846e-01 1.927956491708755493e-01 3.755089640617370605e-01 4.179920554161071777e-01
5.436809062957763672e-01 2.687383592128753662e-01 4.228179454803466797e-01 4.394846558570861816e-01
5.329287648200988770e-01 3.045527637004852295e-01 4.695463478565216064e-01 4.555410444736480713e-01
5.395703315734863281e-01 3.225102722644805908e-01 4.676648080348968506e-01 4.735944569110870361e-01
5.464515089988708496e-01 3.919273018836975098e-01 5.048098564147949219e-01 5.057238936424255371e-01
5.725651979446411133e-01 4.266609251499176025e-01 5.137525796890258789e-01 5.167233943939208984e-01
5.951721072196960449e-01 4.280855357646942139e-01 5.192542076110839844e-01 5.332499742507934570e-01
5.931496024131774902e-01 4.956245422363281250e-01 5.395582914352416992e-01 5.515516996383666992e-01
5.869925022125244141e-01 4.890073835849761963e-01 5.428748726844787598e-01 5.577032566070556641e-01
6.061346530914306641e-01 4.647606313228607178e-01 5.538626313209533691e-01 5.312511324882507324e-01
6.003769040107727051e-01 4.860411286354064941e-01 5.851491093635559082e-01 5.430379509925842285e-01
6.039518713951110840e-01 4.866631925106048584e-01 5.804012417793273926e-01 5.388345718383789062e-01
5.818473696708679199e-01 4.331217408180236816e-01 5.690584778785705566e-01 5.217446684837341309e-01
5.633749961853027344e-01 3.779193162918090820e-01 5.292321443557739258e-01 5.061146020889282227e-01
5.273334383964538574e-01 3.357725739479064941e-01 4.817802309989929199e-01 4.598035812377929688e-01
4.791509807109832764e-01 2.515738010406494141e-01 4.589644074440002441e-01 4.497758746147155762e-01
4.423707425594329834e-01 2.005707174539566040e-01 3.950500786304473877e-01 3.891642391681671143e-01
3.871913254261016846e-01 1.715366393327713013e-01 3.179689347743988037e-01 3.353028595447540283e-01
3.188285827636718750e-01 1.469552069902420044e-01 2.952596545219421387e-01 2.930244803428649902e-01
2.955697178840637207e-01 1.444397866725921631e-01 2.879860103130340576e-01 2.722427546977996826e-01
2.669219672679901123e-01 1.213561221957206726e-01 2.450429797172546387e-01 2.509966492652893066e-01
2.229658067226409912e-01 1.266839057207107544e-01 2.364774942398071289e-01 3.155036270618438721e-01
2.287057638168334961e-01 1.200150176882743835e-01 2.156685590744018555e-01 2.909469604492187500e-01
1.842595785856246948e-01 8.936411142349243164e-02 1.599060744047164917e-01 1.927901059389114380e-01
1.664706170558929443e-01 8.967483043670654297e-02 1.394505053758621216e-01 1.826117038726806641e-01
1.439039260149002075e-01 6.656422466039657593e-02 1.014702841639518738e-01 1.689662933349609375e-01
1.251432001590728760e-01 5.322930961847305298e-02 9.970343858003616333e-02 1.570405215024948120e-01
1.141193509101867676e-01 4.427186027169227600e-02 7.770984619855880737e-02 1.069239377975463867e-01
1.176354438066482544e-01 3.014791384339332581e-02 6.442376971244812012e-02 9.988058358430862427e-02
1.427702605724334717e-01 3.738410025835037231e-02 7.394521683454513550e-02 1.201252937316894531e-01
1.802790462970733643e-01 3.176723793148994446e-02 7.556068897247314453e-02 1.240820661187171936e-01
1.778842210769653320e-01 3.388375416398048401e-02 7.122343033552169800e-02 1.226218715310096741e-01
1.635875850915908813e-01 1.681170053780078888e-02 6.257019191980361938e-02 1.145981699228286743e-01
1.219488456845283508e-01 2.058146521449089050e-02 4.464603960514068604e-02 1.029749289155006409e-01
1.515490263700485229e-01 1.974851079285144806e-02 4.327214136719703674e-02 9.828463941812515259e-02
1.866874098777770996e-01 3.347347676753997803e-02 8.017025142908096313e-02 1.329469531774520874e-01
7.927171140909194946e-02 2.546937391161918640e-02 6.947372853755950928e-02 9.224398434162139893e-02
7.034581154584884644e-02 1.132721360772848129e-02 5.723145976662635803e-02 7.601847499608993530e-02
1.194611117243766785e-01 2.498558722436428070e-02 7.211011648178100586e-02 1.274523437023162842e-01
7.154628634452819824e-02 1.595918089151382446e-02 5.138705298304557800e-02 6.912756711244583130e-02
4.181010276079177856e-02 1.184663269668817520e-02 4.493887722492218018e-02 6.725476682186126709e-02
3.189260512590408325e-02 1.504082791507244110e-02 2.857370488345623016e-02 4.636080935597419739e-02
1.839250698685646057e-02 9.103256277740001678e-03 2.822268009185791016e-02 4.425172880291938782e-02
1.811474375426769257e-02 1.175581850111484528e-02 2.995190583169460297e-02 5.233727395534515381e-02
7.324097305536270142e-02 1.384698878973722458e-02 3.585366904735565186e-02 9.761866182088851929e-02
4.874064773321151733e-02 1.435296889394521713e-02 3.366320952773094177e-02 9.175980091094970703e-02
5.551862716674804688e-02 1.228414196521043777e-02 2.808541432023048401e-02 1.144078448414802551e-01
2.185920812189579010e-02 1.140170264989137650e-02 2.260629460215568542e-02 8.062404394149780273e-02
3.195697441697120667e-02 6.595486775040626526e-03 1.188619062304496765e-02 5.988946184515953064e-02
3.734446316957473755e-02 6.293348502367734909e-03 6.865796633064746857e-03 7.413541525602340698e-02
4.261327162384986877e-02 8.604350499808788300e-03 7.159899920225143433e-03 8.603483438491821289e-02
3.465590253472328186e-02 7.699992507696151733e-03 7.319559343159198761e-03 8.623673021793365479e-02
2.850296720862388611e-02 8.145077154040336609e-03 6.845998112112283707e-03 8.484541624784469604e-02
4.171515256166458130e-02 1.233508344739675522e-02 1.831707730889320374e-02 1.177597567439079285e-01
9.127636998891830444e-02 1.575910486280918121e-02 2.703902870416641235e-02 1.545105427503585815e-01
3.205128386616706848e-02 1.368356868624687195e-02 4.149497672915458679e-02 8.882503956556320190e-02
3.310837969183921814e-02 1.311793085187673569e-02 2.751281298696994781e-02 7.446976751089096069e-02
4.721519723534584045e-02 1.266172435134649277e-02 2.733506448566913605e-02 5.734248831868171692e-02
4.214264824986457825e-02 1.284426543861627579e-02 3.011703304946422577e-02 5.693598464131355286e-02
4.763521254062652588e-02 1.282893586903810501e-02 2.267682366073131561e-02 4.642912000417709351e-02
6.018912047147750854e-02 1.348239276558160782e-02 3.411674126982688904e-02 4.856738820672035217e-02
5.948335304856300354e-02 1.164106652140617371e-02 4.155620932579040527e-02 6.221685558557510376e-02
5.705007538199424744e-02 2.068498171865940094e-02 4.503874108195304871e-02 7.848437130451202393e-02
1.334705352783203125e-01 2.381160855293273926e-02 6.175743043422698975e-02 9.279718995094299316e-02
9.516829252243041992e-02 1.966089941561222076e-02 4.065354540944099426e-02 9.293672442436218262e-02
7.654009759426116943e-02 2.459709532558917999e-02 4.024200513958930969e-02 1.007610857486724854e-01
1.538402885198593140e-01 2.497688867151737213e-02 4.461725801229476929e-02 9.306699782609939575e-02
1.479585617780685425e-01 3.306800499558448792e-02 5.273187160491943359e-02 1.043114513158798218e-01
1.022954657673835754e-01 6.035382300615310669e-02 6.412225216627120972e-02 6.985627859830856323e-02
1.783544421195983887e-01 6.614761799573898315e-02 7.484947890043258667e-02 1.088162213563919067e-01
2.084881365299224854e-01 9.835451841354370117e-02 8.649222552776336670e-02 1.185325384140014648e-01
1.819721311330795288e-01 8.672779798507690430e-02 7.545667141675949097e-02 9.316273778676986694e-02
2.484450489282608032e-01 1.062472388148307800e-01 9.481493383646011353e-02 1.579432785511016846e-01
2.109061777591705322e-01 1.501101255416870117e-01 1.070366129279136658e-01 1.611415445804595947e-01
1.605034172534942627e-01 1.945412904024124146e-01 1.071473211050033569e-01 1.472087949514389038e-01
1.896355301141738892e-01 2.705866992473602295e-01 1.193967089056968689e-01 1.719832569360733032e-01
2.215047776699066162e-01 2.367434352636337280e-01 1.180546656250953674e-01 1.706674396991729736e-01
1.810781806707382202e-01 2.021712958812713623e-01 7.963017374277114868e-02 1.162744462490081787e-01
2.005759924650192261e-01 1.639879196882247925e-01 3.676495701074600220e-02 1.038887575268745422e-01
1.389599740505218506e-01 1.346108168363571167e-01 4.130105301737785339e-02 8.916740864515304565e-02
1.209733709692955017e-01 1.675699502229690552e-01 3.708913922309875488e-02 6.088105589151382446e-02
1.155154332518577576e-01 1.392056047916412354e-01 3.112568520009517670e-02 5.872172489762306213e-02
7.820548117160797119e-02 1.557323187589645386e-01 6.731902062892913818e-02 5.892203748226165771e-02
7.807894051074981689e-02 1.335231512784957886e-01 7.746759802103042603e-02 7.637829333543777466e-02
6.101347133517265320e-02 1.290912032127380371e-01 9.164190292358398438e-02 5.599277839064598083e-02
5.511019006371498108e-02 1.408833861351013184e-01 8.203921467065811157e-02 8.069854974746704102e-02
5.654476583003997803e-02 1.399703472852706909e-01 5.518554896116256714e-02 5.308860540390014648e-02
4.670761898159980774e-02 1.299191564321517944e-01 5.667545273900032043e-02 3.862534090876579285e-02
4.360965639352798462e-02 1.181202903389930725e-01 5.970587581396102905e-02 4.000983387231826782e-02
4.929847642779350281e-02 1.048246398568153381e-01 7.695394009351730347e-02 4.835506901144981384e-02
5.082022771239280701e-02 1.055992469191551208e-01 6.156495586037635803e-02 4.442005604505538940e-02
4.770935699343681335e-02 9.349725395441055298e-02 8.001760393381118774e-02 5.446645617485046387e-02
5.367352440953254700e-02 1.063165143132209778e-01 7.243015617132186890e-02 4.818664118647575378e-02
3.990536928176879883e-02 9.149944037199020386e-02 7.820642739534378052e-02 3.657896071672439575e-02
1.877134479582309723e-02 4.037424176931381226e-02 3.190436959266662598e-02 3.996329382061958313e-02
1.268397830426692963e-02 1.597975008189678192e-02 1.626685820519924164e-02 2.148830518126487732e-02
1.354443281888961792e-02 5.675421562045812607e-03 1.218917686492204666e-02 7.806900888681411743e-03
