##############################################################################
# ProQ3 result file
# Generated from https://proq3.bioinfo.se at 2022-05-08 17:47:32 CEST
# Options for Proq3: ['-r', 'yes', '-deep', 'yes', '-k', 'yes', '-quality', 'sscore', '-output_pdbs', 'yes']
# Total request time: 10026.2 seconds.
# Number of finished models: 1
##############################################################################

# Global scores
#      Model       ProQ2D  ProQRosCenD   ProQRosFAD       ProQ3D
      model_0     0.104050     0.059100     0.080791     0.079023

# Local scores

# Model 0
ProQ2D ProQRosCenD ProQRosFAD ProQ3D
2.572432567831128836e-04 1.076474509318359196e-04 1.053367275744676590e-02 1.685076858848333359e-05
1.775330631062388420e-03 4.627859452739357948e-04 1.026325859129428864e-02 1.613229105714708567e-04
1.568273990415036678e-03 8.410724112764000893e-04 1.246034540235996246e-02 1.084078685380518436e-03
2.462778706103563309e-03 9.430395439267158508e-04 1.490910910069942474e-02 5.641324678435921669e-04
2.486718818545341492e-03 1.067290082573890686e-03 1.484280079603195190e-02 3.127660602331161499e-04
2.091056434437632561e-03 7.319304859265685081e-04 1.077995449304580688e-02 3.101775655522942543e-04
1.560163334943354130e-03 7.325284532271325588e-04 1.387223601341247559e-02 2.563483722042292356e-04
1.591925276443362236e-03 9.554487769491970539e-04 1.429894100874662399e-02 2.862767723854631186e-04
1.356252585537731647e-03 1.242454047314822674e-03 1.439252588897943497e-02 3.433818346820771694e-04
2.492733765393495560e-03 1.737335347570478916e-03 1.560133788734674454e-02 5.006010760553181171e-04
2.043397631496191025e-03 1.933491672389209270e-03 1.121408026665449142e-02 4.101640952285379171e-04
5.246769636869430542e-03 1.708440599031746387e-03 1.189140509814023972e-02 1.041982905007898808e-03
5.926806014031171799e-03 4.611281212419271469e-03 1.622753962874412537e-02 1.189669128507375717e-03
1.523212622851133347e-02 9.357675909996032715e-03 2.802056260406970978e-02 2.134977374225854874e-03
2.870311029255390167e-02 6.909735035151243210e-03 2.974946610629558563e-02 4.339298699051141739e-03
5.413934960961341858e-02 1.139877922832965851e-02 2.265020646154880524e-02 5.055911839008331299e-03
6.400710344314575195e-02 1.120566111057996750e-02 2.047653868794441223e-02 4.263357259333133698e-03
9.545855969190597534e-02 1.889155805110931396e-02 3.384301438927650452e-02 6.748737767338752747e-03
7.617590576410293579e-02 3.058363310992717743e-02 4.022426158189773560e-02 6.238745991140604019e-03
5.962901189923286438e-02 3.648734465241432190e-02 4.198335856199264526e-02 7.907609455287456512e-03
5.186839774250984192e-02 3.976405039429664612e-02 4.622943699359893799e-02 1.047851052135229111e-02
8.400715887546539307e-02 9.903536736965179443e-02 7.924752682447433472e-02 1.636345870792865753e-02
8.122814446687698364e-02 1.606063842773437500e-01 1.052706390619277954e-01 2.913559228181838989e-02
8.925092220306396484e-02 1.525845527648925781e-01 1.514354646205902100e-01 3.030448034405708313e-02
1.171359792351722717e-01 8.073511719703674316e-02 1.526643186807632446e-01 4.982339218258857727e-02
1.783917248249053955e-01 8.619633316993713379e-02 1.471393406391143799e-01 7.388791441917419434e-02
1.766436100006103516e-01 1.087391376495361328e-01 2.036578804254531860e-01 1.005066335201263428e-01
1.712571829557418823e-01 1.105629578232765198e-01 1.967608183622360229e-01 9.522854536771774292e-02
1.507323682308197021e-01 1.280803978443145752e-01 2.055566459894180298e-01 9.766306728124618530e-02
1.586716175079345703e-01 1.372611522674560547e-01 2.120948731899261475e-01 9.792789071798324585e-02
1.635527163743972778e-01 1.508291512727737427e-01 2.073666602373123169e-01 8.840746432542800903e-02
1.361273974180221558e-01 1.173921301960945129e-01 1.805490553379058838e-01 9.381584078073501587e-02
9.285332262516021729e-02 9.383724629878997803e-02 1.631752252578735352e-01 1.016627177596092224e-01
1.083514913916587830e-01 1.033435165882110596e-01 1.581760495901107788e-01 1.171872466802597046e-01
9.708696603775024414e-02 1.004633828997612000e-01 1.395806968212127686e-01 1.033226847648620605e-01
8.774045109748840332e-02 1.287316977977752686e-01 1.552045941352844238e-01 9.730314463376998901e-02
9.119895845651626587e-02 1.167713925242424011e-01 1.464097052812576294e-01 1.103749722242355347e-01
9.935016930103302002e-02 1.012097969651222229e-01 1.279273033142089844e-01 1.006379947066307068e-01
9.730906784534454346e-02 1.163763031363487244e-01 1.403980106115341187e-01 1.060923710465431213e-01
1.049103513360023499e-01 1.490300297737121582e-01 1.570622920989990234e-01 1.166345924139022827e-01
6.298569589853286743e-02 9.835673868656158447e-02 1.299136877059936523e-01 8.986688405275344849e-02
5.233495682477951050e-02 9.044630080461502075e-02 1.151636391878128052e-01 8.227689564228057861e-02
6.304699927568435669e-02 8.615175634622573853e-02 1.233328580856323242e-01 8.028723299503326416e-02
5.808773636817932129e-02 8.127581328153610229e-02 1.202919930219650269e-01 8.432200551033020020e-02
5.510507524013519287e-02 8.388999849557876587e-02 1.246820166707038879e-01 9.393884986639022827e-02
6.014906242489814758e-02 7.731044292449951172e-02 1.231899112462997437e-01 9.349171817302703857e-02
5.683936923742294312e-02 6.808529049158096313e-02 1.127399727702140808e-01 8.997190743684768677e-02
5.230901017785072327e-02 5.569604411721229553e-02 1.015266850590705872e-01 8.416007459163665771e-02
5.174950510263442993e-02 4.937293007969856262e-02 9.110138565301895142e-02 7.140770554542541504e-02
6.326818466186523438e-02 5.384250357747077942e-02 1.083715558052062988e-01 8.171316981315612793e-02
7.406797260046005249e-02 4.634977504611015320e-02 7.292179018259048462e-02 8.086659759283065796e-02
7.053080201148986816e-02 4.861894994974136353e-02 8.741742372512817383e-02 7.898806035518646240e-02
5.589319020509719849e-02 5.293124169111251831e-02 7.585301250219345093e-02 7.336733490228652954e-02
7.355538010597229004e-02 5.726557224988937378e-02 8.857329189777374268e-02 8.212497830390930176e-02
6.418963521718978882e-02 6.434245407581329346e-02 8.526670187711715698e-02 9.132670611143112183e-02
7.438372820615768433e-02 4.681872203946113586e-02 7.197256386280059814e-02 5.540109053254127502e-02
6.140918284654617310e-02 5.492185801267623901e-02 8.871856331825256348e-02 4.885851964354515076e-02
7.357574254274368286e-02 8.256448805332183838e-02 1.115801259875297546e-01 5.502462387084960938e-02
7.156784832477569580e-02 7.770536839962005615e-02 1.223475337028503418e-01 5.518077313899993896e-02
6.455516815185546875e-02 4.869332164525985718e-02 9.009010344743728638e-02 5.344575643539428711e-02
7.102491706609725952e-02 5.989531427621841431e-02 1.051425710320472717e-01 6.116226688027381897e-02
5.522621423006057739e-02 3.672929108142852783e-02 8.871871232986450195e-02 5.063399672508239746e-02
7.546568661928176880e-02 5.596209689974784851e-02 1.100743561983108521e-01 6.714322417974472046e-02
5.828817933797836304e-02 6.012895703315734863e-02 1.144330203533172607e-01 6.451670825481414795e-02
5.494413524866104126e-02 4.915572330355644226e-02 7.444241642951965332e-02 4.662866890430450439e-02
4.224228486418724060e-02 2.735368162393569946e-02 6.667982041835784912e-02 3.820041194558143616e-02
4.470901936292648315e-02 2.100921049714088440e-02 5.234121158719062805e-02 3.119295276701450348e-02
3.970041126012802124e-02 1.607165671885013580e-02 5.066984519362449646e-02 2.988645061850547791e-02
4.036042466759681702e-02 2.052791789174079895e-02 6.077500805258750916e-02 4.053471237421035767e-02
5.077842622995376587e-02 2.369542792439460754e-02 6.686867028474807739e-02 4.381418228149414062e-02
4.754646867513656616e-02 1.749357767403125763e-02 5.126795172691345215e-02 4.519813880324363708e-02
3.005204908549785614e-02 1.836490072309970856e-02 5.550087615847587585e-02 3.320349380373954773e-02
4.342110082507133484e-02 9.416974149644374847e-03 4.047442600131034851e-02 4.213697090744972229e-02
3.946172073483467102e-02 1.018007937818765640e-02 2.933833934366703033e-02 4.613638669252395630e-02
4.207509756088256836e-02 1.107588876038789749e-02 4.300792142748832703e-02 4.181807115674018860e-02
6.392506510019302368e-02 1.063281949609518051e-02 4.586476087570190430e-02 4.221233353018760681e-02
7.314031571149826050e-02 7.501632906496524811e-03 3.161340206861495972e-02 3.262760490179061890e-02
7.943049073219299316e-02 1.347748469561338425e-02 3.877119719982147217e-02 3.490707650780677795e-02
6.892280280590057373e-02 2.203664742410182953e-02 5.321506038308143616e-02 4.310887306928634644e-02
9.437523782253265381e-02 2.451822347939014435e-02 5.219451710581779480e-02 5.582770332694053650e-02
1.197070032358169556e-01 2.335357479751110077e-02 5.313066393136978149e-02 5.290966108441352844e-02
1.240584328770637512e-01 2.050485275685787201e-02 4.036533460021018982e-02 4.925492778420448303e-02
1.418468654155731201e-01 2.474686317145824432e-02 4.443005472421646118e-02 5.779280886054039001e-02
1.336545795202255249e-01 3.184447437524795532e-02 8.456928282976150513e-02 5.687674134969711304e-02
1.482401043176651001e-01 3.535815328359603882e-02 9.844536334276199341e-02 6.599760055541992188e-02
1.830337047576904297e-01 4.640156775712966919e-02 1.346549689769744873e-01 7.590200006961822510e-02
1.917198747396469116e-01 7.247515022754669189e-02 1.589715033769607544e-01 8.747401088476181030e-02
2.100323140621185303e-01 8.738312125205993652e-02 2.110768258571624756e-01 9.367614239454269409e-02
2.174235880374908447e-01 9.159352630376815796e-02 2.008038461208343506e-01 9.607096761465072632e-02
1.908161640167236328e-01 8.656343817710876465e-02 1.728551834821701050e-01 1.039762124419212341e-01
2.062575519084930420e-01 1.052122190594673157e-01 1.917534172534942627e-01 9.453526139259338379e-02
2.087092250585556030e-01 9.071084111928939819e-02 1.828827559947967529e-01 9.409436583518981934e-02
1.459390521049499512e-01 4.916992038488388062e-02 1.473496109247207642e-01 8.285703510046005249e-02
1.373314559459686279e-01 3.923840448260307312e-02 1.061172187328338623e-01 8.707801997661590576e-02
1.342875808477401733e-01 4.568443447351455688e-02 7.520617544651031494e-02 8.649621903896331787e-02
1.111816093325614929e-01 5.177961662411689758e-02 7.819836586713790894e-02 6.395339965820312500e-02
1.202141121029853821e-01 5.110877007246017456e-02 7.577767223119735718e-02 8.826192468404769897e-02
1.340969055891036987e-01 6.927295029163360596e-02 8.886259794235229492e-02 6.935650855302810669e-02
1.542102694511413574e-01 5.624435469508171082e-02 8.398886770009994507e-02 7.941656559705734253e-02
1.696598827838897705e-01 5.038450658321380615e-02 8.301644772291183472e-02 8.123743534088134766e-02
1.457348167896270752e-01 4.069070145487785339e-02 5.781204998493194580e-02 1.197999343276023865e-01
1.440111845731735229e-01 4.119987785816192627e-02 6.066264957189559937e-02 8.239232748746871948e-02
1.554299592971801758e-01 4.042901471257209778e-02 7.842705398797988892e-02 7.086648046970367432e-02
1.340939104557037354e-01 3.950107842683792114e-02 7.450006157159805298e-02 4.657836258411407471e-02
1.248377785086631775e-01 3.762898966670036316e-02 5.341375619173049927e-02 3.035450913012027740e-02
9.243007749319076538e-02 4.792367294430732727e-02 8.244024962186813354e-02 3.815999999642372131e-02
8.663159608840942383e-02 3.629631921648979187e-02 6.603154540061950684e-02 5.018940940499305725e-02
1.245417743921279907e-01 3.083399683237075806e-02 6.226137280464172363e-02 6.244631856679916382e-02
1.284464895725250244e-01 3.409558162093162537e-02 4.717799276113510132e-02 4.427257552742958069e-02
9.695984423160552979e-02 3.198105841875076294e-02 5.374921485781669617e-02 5.127812549471855164e-02
1.493514925241470337e-01 5.062396824359893799e-02 8.818446844816207886e-02 7.062660902738571167e-02
1.276157051324844360e-01 4.088343307375907898e-02 8.385772258043289185e-02 6.594020128250122070e-02
1.394768059253692627e-01 4.334095120429992676e-02 7.500404119491577148e-02 6.060603633522987366e-02
1.048902943730354309e-01 2.421714738011360168e-02 3.300739452242851257e-02 6.301229447126388550e-02
7.859817147254943848e-02 2.095256745815277100e-02 2.353608421981334686e-02 4.757462441921234131e-02
6.570575386285781860e-02 2.209063060581684113e-02 3.462490439414978027e-02 2.602262422442436218e-02
5.013556405901908875e-02 3.500177711248397827e-02 3.677050396800041199e-02 3.127114847302436829e-02
1.108594015240669250e-01 4.549214988946914673e-02 5.824940279126167297e-02 4.349006712436676025e-02
1.636784970760345459e-01 3.509484604001045227e-02 6.056109443306922913e-02 6.386103481054306030e-02
1.565958708524703979e-01 5.171472206711769104e-02 6.510336697101593018e-02 7.231892645359039307e-02
1.165377944707870483e-01 4.561776667833328247e-02 5.603093653917312622e-02 5.713000893592834473e-02
1.178621724247932434e-01 3.085502237081527710e-02 6.139019504189491272e-02 6.115777418017387390e-02
1.542994976043701172e-01 4.227191582322120667e-02 4.700282588601112366e-02 5.331708863377571106e-02
1.215758696198463440e-01 3.357570990920066833e-02 4.632097110152244568e-02 4.767825827002525330e-02
1.122609227895736694e-01 3.595871850848197937e-02 5.239460989832878113e-02 4.751319438219070435e-02
1.124114841222763062e-01 2.657081931829452515e-02 4.795184358954429626e-02 3.677017614245414734e-02
1.173931434750556946e-01 1.821140758693218231e-02 3.889932483434677124e-02 4.562529549002647400e-02
9.406892210245132446e-02 1.841023564338684082e-02 2.513680607080459595e-02 4.606764018535614014e-02
8.909308165311813354e-02 1.343188155442476273e-02 1.559639535844326019e-02 5.047031119465827942e-02
1.112222597002983093e-01 1.679926738142967224e-02 1.713509298861026764e-02 6.573761254549026489e-02
8.456013351678848267e-02 2.789403684437274933e-02 2.658611536026000977e-02 7.269806414842605591e-02
9.392172098159790039e-02 4.117713868618011475e-02 3.306289017200469971e-02 6.839670240879058838e-02
1.135596483945846558e-01 5.075200274586677551e-02 2.864084020256996155e-02 6.753090769052505493e-02
9.160309284925460815e-02 4.426389932632446289e-02 2.764268778264522552e-02 5.741780996322631836e-02
8.760476857423782349e-02 3.210387006402015686e-02 1.738472096621990204e-02 4.236470535397529602e-02
4.001451283693313599e-02 2.336029149591922760e-02 9.446015581488609314e-03 2.686035446822643280e-02
4.328818246722221375e-02 1.550967525690793991e-02 6.749642547219991684e-03 2.211079373955726624e-02
4.126527905464172363e-02 1.749075017869472504e-02 6.778355222195386887e-03 1.249548792839050293e-02
3.915742412209510803e-02 1.359980646520853043e-02 7.262323983013629913e-03 1.370151620358228683e-02
4.408730566501617432e-02 1.357856672257184982e-02 8.587255142629146576e-03 1.722802035510540009e-02
4.748597741127014160e-02 1.270614005625247955e-02 8.539085276424884796e-03 1.573909632861614227e-02
4.628410190343856812e-02 2.262385934591293335e-02 1.203766930848360062e-02 1.714657247066497803e-02
6.058236956596374512e-02 2.044466696679592133e-02 1.339865941554307938e-02 2.012573555111885071e-02
6.933142989873886108e-02 3.638660535216331482e-02 2.564474940299987793e-02 2.655315585434436798e-02
8.782693743705749512e-02 4.202459380030632019e-02 3.322112560272216797e-02 2.410724014043807983e-02
8.555647730827331543e-02 3.860229626297950745e-02 5.263679474592208862e-02 2.727125212550163269e-02
1.000997349619865417e-01 3.981392085552215576e-02 4.947615042328834534e-02 3.345160931348800659e-02
1.103691831231117249e-01 4.322060570120811462e-02 6.182410940527915955e-02 3.067438304424285889e-02
5.984792858362197876e-02 2.661497704684734344e-02 4.369444772601127625e-02 1.909384876489639282e-02
6.209870427846908569e-02 2.830005437135696411e-02 2.796070463955402374e-02 1.798621378839015961e-02
1.076118201017379761e-01 3.463390097022056580e-02 4.956223070621490479e-02 3.035086020827293396e-02
8.631928265094757080e-02 4.485950618982315063e-02 6.342969834804534912e-02 2.945963293313980103e-02
6.478825211524963379e-02 3.351635113358497620e-02 6.356494873762130737e-02 2.435104362666606903e-02
8.600217849016189575e-02 3.514478355646133423e-02 6.042890995740890503e-02 2.954788878560066223e-02
9.987843781709671021e-02 2.703977562487125397e-02 5.465326830744743347e-02 3.942937776446342468e-02
1.043752431869506836e-01 3.408219665288925171e-02 6.205632537603378296e-02 4.452496767044067383e-02
1.330200582742691040e-01 3.941515833139419556e-02 6.044893339276313782e-02 5.356172844767570496e-02
1.149076446890830994e-01 3.576479107141494751e-02 7.421328127384185791e-02 6.745642423629760742e-02
1.212545335292816162e-01 5.438159778714179993e-02 8.550120890140533447e-02 7.861961424350738525e-02
1.262429207563400269e-01 4.880713671445846558e-02 9.711644053459167480e-02 7.728734612464904785e-02
1.264895647764205933e-01 4.525775089859962463e-02 8.820448070764541626e-02 7.839452475309371948e-02
1.688993722200393677e-01 3.993610665202140808e-02 7.881116867065429688e-02 8.302124589681625366e-02
1.351595371961593628e-01 3.130457922816276550e-02 7.494727522134780884e-02 9.087262302637100220e-02
1.308809071779251099e-01 3.395925462245941162e-02 6.609347462654113770e-02 8.622072637081146240e-02
1.218578964471817017e-01 3.933005034923553467e-02 6.783726811408996582e-02 9.932638704776763916e-02
1.098406016826629639e-01 3.221639990806579590e-02 7.421711832284927368e-02 8.822598308324813843e-02
1.206500306725502014e-01 3.651409968733787537e-02 6.255593895912170410e-02 8.449662476778030396e-02
1.282807290554046631e-01 3.731745481491088867e-02 9.795685857534408569e-02 1.281830370426177979e-01
1.627090871334075928e-01 5.161325633525848389e-02 9.224031120538711548e-02 9.821204096078872681e-02
1.623252630233764648e-01 3.704813867807388306e-02 1.255582123994827271e-01 1.169584020972251892e-01
1.060999631881713867e-01 4.682585224509239197e-02 9.267761558294296265e-02 7.369010150432586670e-02
1.064750999212265015e-01 4.757926985621452332e-02 9.510025382041931152e-02 7.944628596305847168e-02
8.331345766782760620e-02 3.926433622837066650e-02 7.216362655162811279e-02 7.193158566951751709e-02
9.017895162105560303e-02 3.032584302127361298e-02 4.982839152216911316e-02 6.767420470714569092e-02
8.388283848762512207e-02 3.779549151659011841e-02 5.445287749171257019e-02 7.911384850740432739e-02
8.357598632574081421e-02 4.063149541616439819e-02 6.600539386272430420e-02 8.685334771871566772e-02
9.482999891042709351e-02 5.830236524343490601e-02 8.224615454673767090e-02 9.127432852983474731e-02
1.389724761247634888e-01 8.414814621210098267e-02 1.005367934703826904e-01 1.378639191389083862e-01
1.379236727952957153e-01 8.082184195518493652e-02 9.359297901391983032e-02 1.235305666923522949e-01
1.538571119308471680e-01 7.128927856683731079e-02 1.220590099692344666e-01 1.443323642015457153e-01
1.686210483312606812e-01 7.471185922622680664e-02 1.274472922086715698e-01 1.355233639478683472e-01
1.759730875492095947e-01 6.411250680685043335e-02 1.401490271091461182e-01 1.353252679109573364e-01
1.494821161031723022e-01 7.830419391393661499e-02 1.382665187120437622e-01 1.409815251827239990e-01
1.289039552211761475e-01 8.692051470279693604e-02 1.388798356056213379e-01 1.518171131610870361e-01
1.319528073072433472e-01 6.733059138059616089e-02 1.417023837566375732e-01 1.290484219789505005e-01
1.193610802292823792e-01 6.663351505994796753e-02 1.200752705335617065e-01 1.096520870923995972e-01
1.106915548443794250e-01 4.351371899247169495e-02 9.153705090284347534e-02 1.166328489780426025e-01
1.187372580170631409e-01 4.467191547155380249e-02 8.097027242183685303e-02 1.262910366058349609e-01
1.327223777770996094e-01 6.442355364561080933e-02 9.726415574550628662e-02 1.245541051030158997e-01
1.122564077377319336e-01 5.158578231930732727e-02 8.318623155355453491e-02 1.130590811371803284e-01
1.127230823040008545e-01 6.626111268997192383e-02 7.830791175365447998e-02 9.509943425655364990e-02
1.190509349107742310e-01 5.591221526265144348e-02 5.356081947684288025e-02 1.212089955806732178e-01
9.700112044811248779e-02 6.360284984111785889e-02 8.176590502262115479e-02 1.060948744416236877e-01
8.034443110227584839e-02 8.753220736980438232e-02 1.249996945261955261e-01 1.216061189770698547e-01
1.098687946796417236e-01 8.802440762519836426e-02 1.048924475908279419e-01 1.294683367013931274e-01
9.958027303218841553e-02 7.430854439735412598e-02 9.147425740957260132e-02 1.427760720252990723e-01
1.606201529502868652e-01 8.484145253896713257e-02 1.688418835401535034e-01 1.602441370487213135e-01
1.789319515228271484e-01 7.776803523302078247e-02 1.476634144783020020e-01 1.329506784677505493e-01
1.273123770952224731e-01 5.772573873400688171e-02 1.007071807980537415e-01 8.778975158929824829e-02
9.024246782064437866e-02 8.241226524114608765e-02 1.031146422028541565e-01 7.379994541406631470e-02
1.098145022988319397e-01 8.581884205341339111e-02 1.315439790487289429e-01 9.988767653703689575e-02
1.220988035202026367e-01 9.498394280672073364e-02 1.332754641771316528e-01 8.619886636734008789e-02
9.214458614587783813e-02 8.559252321720123291e-02 8.683864027261734009e-02 7.710579037666320801e-02
9.739578515291213989e-02 8.165665715932846069e-02 1.095426902174949646e-01 8.443398028612136841e-02
8.865500986576080322e-02 8.752401918172836304e-02 8.880601823329925537e-02 8.385553956031799316e-02
1.144559979438781738e-01 1.076432317495346069e-01 8.690700680017471313e-02 9.823191165924072266e-02
1.277323812246322632e-01 1.024845466017723083e-01 8.549442142248153687e-02 9.076108038425445557e-02
8.805438131093978882e-02 1.081895530223846436e-01 8.539955317974090576e-02 8.209827542304992676e-02
8.170367032289505005e-02 7.168214768171310425e-02 5.078114941716194153e-02 7.126820832490921021e-02
5.650977045297622681e-02 6.583251804113388062e-02 3.888618573546409607e-02 4.226423427462577820e-02
5.711375176906585693e-02 5.557219684123992920e-02 3.915137797594070435e-02 3.947136178612709045e-02
4.106723144650459290e-02 6.900542229413986206e-02 3.120107389986515045e-02 3.521893545985221863e-02
4.076340049505233765e-02 4.345208778977394104e-02 2.202088758349418640e-02 3.917495533823966980e-02
3.469102829694747925e-02 6.920609623193740845e-02 2.068827487528324127e-02 2.636342309415340424e-02
4.102240502834320068e-02 5.368689447641372681e-02 2.178133837878704071e-02 2.579033188521862030e-02
6.142384931445121765e-02 6.425332278013229370e-02 2.852568589150905609e-02 2.459734119474887848e-02
1.141333356499671936e-01 7.070306688547134399e-02 3.031743131577968597e-02 4.640071466565132141e-02
1.312000453472137451e-01 7.476717233657836914e-02 3.730089589953422546e-02 7.463096827268600464e-02
1.111762821674346924e-01 6.868699193000793457e-02 3.473269939422607422e-02 4.945667833089828491e-02
1.253927499055862427e-01 7.265106588602066040e-02 4.539239034056663513e-02 5.672130733728408813e-02
9.825533628463745117e-02 5.872159078717231750e-02 3.518873080611228943e-02 5.099825188517570496e-02
9.227512776851654053e-02 3.902706876397132874e-02 2.780405804514884949e-02 4.519406333565711975e-02
7.359369844198226929e-02 7.964466512203216553e-02 2.715862169861793518e-02 4.720716550946235657e-02
6.357911229133605957e-02 6.460554897785186768e-02 2.230178192257881165e-02 4.608789458870887756e-02
8.548775315284729004e-02 4.377941414713859558e-02 2.626307308673858643e-02 5.140930414199829102e-02
1.225561648607254028e-01 5.388067662715911865e-02 3.500256687402725220e-02 7.835973799228668213e-02
1.448811590671539307e-01 7.906453311443328857e-02 5.729020014405250549e-02 8.795874565839767456e-02
1.407795697450637817e-01 1.170443147420883179e-01 8.988646417856216431e-02 1.244871690869331360e-01
1.795480847358703613e-01 1.168078854680061340e-01 7.890091091394424438e-02 1.380195766687393188e-01
1.509187221527099609e-01 1.033190414309501648e-01 9.012843668460845947e-02 1.262043267488479614e-01
1.337877959012985229e-01 1.021251231431961060e-01 8.182532340288162231e-02 1.209481060504913330e-01
7.953491061925888062e-02 7.929480820894241333e-02 8.855564147233963013e-02 9.697686135768890381e-02
6.718210130929946899e-02 7.801184058189392090e-02 8.047988265752792358e-02 8.301113545894622803e-02
6.582988798618316650e-02 6.139215826988220215e-02 6.771335750818252563e-02 6.200940907001495361e-02
5.055139213800430298e-02 6.694120168685913086e-02 5.229718983173370361e-02 4.532252997159957886e-02
3.545023873448371887e-02 3.603246435523033142e-02 3.274470567703247070e-02 2.619232982397079468e-02
4.047466814517974854e-02 6.221557781100273132e-02 4.718692228198051453e-02 2.841078303754329681e-02
5.341972410678863525e-02 5.964085832238197327e-02 4.412321001291275024e-02 3.209333866834640503e-02
9.658800065517425537e-02 5.170899257063865662e-02 4.678378254175186157e-02 5.199645087122917175e-02
3.825572505593299866e-02 5.403159931302070618e-02 4.773658886551856995e-02 1.802827604115009308e-02
3.067591600120067596e-02 6.277309358119964600e-02 5.256573483347892761e-02 1.158627681434154510e-02
1.735733076930046082e-02 5.845834687352180481e-02 5.108482763171195984e-02 1.647439412772655487e-02
2.105735056102275848e-02 4.636907577514648438e-02 4.313140735030174255e-02 1.711761951446533203e-02
1.942956075072288513e-02 3.892692178487777710e-02 4.772187024354934692e-02 2.006270736455917358e-02
2.156398259103298187e-02 3.760524466633796692e-02 4.509603604674339294e-02 3.748993575572967529e-02
1.752560213208198547e-02 3.026967868208885193e-02 4.712553694844245911e-02 3.893850743770599365e-02
1.208325754851102829e-02 3.580668941140174866e-02 5.173311755061149597e-02 4.086704552173614502e-02
2.465443685650825500e-02 3.116629831492900848e-02 4.755552858114242554e-02 3.932758420705795288e-02
2.089586108922958374e-02 3.038752265274524689e-02 4.358998313546180725e-02 4.080845415592193604e-02
2.449321374297142029e-02 3.468550369143486023e-02 5.392700433731079102e-02 3.416808694601058960e-02
2.421544492244720459e-02 4.383344575762748718e-02 4.209990799427032471e-02 3.622897714376449585e-02
2.719765342772006989e-02 3.673454746603965759e-02 3.818028047680854797e-02 2.501988969743251801e-02
1.897574588656425476e-02 3.329380974173545837e-02 3.730593621730804443e-02 3.067117184400558472e-02
2.258905395865440369e-02 3.581954911351203918e-02 4.921995848417282104e-02 5.807077884674072266e-02
1.558351516723632812e-02 3.544303402304649353e-02 4.229829460382461548e-02 4.267629608511924744e-02
1.313824392855167389e-02 2.292232587933540344e-02 2.769323624670505524e-02 4.329763352870941162e-02
1.134866289794445038e-02 1.953699626028537750e-02 2.863269671797752380e-02 3.783274814486503601e-02
1.847155578434467316e-02 2.352282777428627014e-02 3.690873458981513977e-02 3.730567172169685364e-02
2.317416481673717499e-02 2.815234102308750153e-02 3.879358619451522827e-02 5.433501675724983215e-02
2.854540199041366577e-02 3.772221505641937256e-02 5.614981800317764282e-02 5.451311916112899780e-02
3.873383626341819763e-02 4.630362987518310547e-02 6.330829113721847534e-02 7.285742461681365967e-02
3.507028520107269287e-02 4.799899458885192871e-02 6.274591386318206787e-02 6.417170166969299316e-02
5.086556822061538696e-02 4.087689518928527832e-02 7.026575505733489990e-02 6.863526254892349243e-02
4.690837115049362183e-02 5.202570185065269470e-02 6.569404900074005127e-02 8.031057566404342651e-02
7.378647476434707642e-02 4.921409115195274353e-02 7.411836832761764526e-02 9.951592981815338135e-02
3.893901035189628601e-02 4.024792462587356567e-02 5.878707021474838257e-02 9.942451864480972290e-02
9.825295209884643555e-02 3.440841659903526306e-02 5.073339864611625671e-02 6.454154849052429199e-02
1.330303549766540527e-01 3.358609229326248169e-02 6.509663164615631104e-02 8.747079223394393921e-02
1.313958913087844849e-01 3.567613288760185242e-02 5.582474917173385620e-02 6.688749045133590698e-02
1.495212018489837646e-01 3.452370688319206238e-02 7.088882476091384888e-02 7.932447642087936401e-02
1.747966408729553223e-01 5.146531388163566589e-02 8.477082103490829468e-02 1.081036403775215149e-01
1.230282485485076904e-01 4.138001054525375366e-02 8.764698356389999390e-02 9.449249505996704102e-02
1.386045366525650024e-01 3.509569168090820312e-02 1.004401817917823792e-01 8.952976763248443604e-02
1.681715548038482666e-01 3.309460729360580444e-02 9.341423213481903076e-02 1.000123545527458191e-01
1.593309342861175537e-01 2.556041441857814789e-02 8.802264928817749023e-02 8.452154695987701416e-02
2.006980776786804199e-01 3.398752585053443909e-02 7.381346076726913452e-02 8.558481931686401367e-02
2.446342706680297852e-01 5.182208865880966187e-02 9.630138427019119263e-02 9.883598238229751587e-02
2.936067283153533936e-01 5.557969212532043457e-02 1.329252868890762329e-01 1.057698950171470642e-01
2.574799358844757080e-01 5.969994887709617615e-02 1.099573597311973572e-01 9.091689437627792358e-02
2.202641069889068604e-01 4.920766502618789673e-02 1.091221347451210022e-01 1.216243207454681396e-01
1.939072906970977783e-01 5.232132598757743835e-02 8.801931887865066528e-02 1.230608224868774414e-01
9.966590255498886108e-02 3.923466801643371582e-02 5.858262255787849426e-02 7.463344186544418335e-02
1.024779006838798523e-01 3.117133863270282745e-02 6.083984673023223877e-02 7.753209769725799561e-02
1.081262826919555664e-01 4.640036448836326599e-02 6.680525094270706177e-02 8.023083955049514771e-02
1.578294783830642700e-01 4.856194555759429932e-02 6.909907609224319458e-02 8.290946483612060547e-02
1.272348165512084961e-01 3.307999297976493835e-02 5.520954728126525879e-02 8.773010969161987305e-02
7.705005258321762085e-02 2.841902337968349457e-02 6.557464599609375000e-02 5.845940858125686646e-02
9.308859705924987793e-02 3.612267225980758667e-02 9.151930361986160278e-02 6.206157058477401733e-02
8.129285275936126709e-02 2.949814498424530029e-02 9.443450719118118286e-02 5.776625126600265503e-02
8.056828379631042480e-02 3.847875818610191345e-02 1.058648228645324707e-01 8.492108434438705444e-02
1.336093544960021973e-01 4.940676689147949219e-02 1.089671999216079712e-01 1.132719889283180237e-01
1.426556855440139771e-01 5.618058145046234131e-02 1.317426562309265137e-01 1.023373603820800781e-01
9.486069530248641968e-02 3.635109961032867432e-02 1.142549514770507812e-01 9.976622462272644043e-02
1.369515657424926758e-01 3.312826156616210938e-02 1.091795861721038818e-01 9.923268109560012817e-02
1.511175781488418579e-01 4.893014580011367798e-02 1.021833345293998718e-01 1.018900871276855469e-01
1.232421472668647766e-01 5.903043225407600403e-02 1.232258677482604980e-01 1.193844377994537354e-01
1.072984337806701660e-01 4.886275529861450195e-02 9.519385546445846558e-02 1.140072494745254517e-01
6.512606889009475708e-02 4.412778466939926147e-02 6.900440901517868042e-02 8.528130501508712769e-02
8.428733050823211670e-02 3.524629771709442139e-02 8.239665627479553223e-02 8.840477466583251953e-02
9.229844063520431519e-02 4.013688489794731140e-02 7.186847180128097534e-02 7.361122220754623413e-02
6.839370727539062500e-02 2.608302421867847443e-02 6.253420561552047729e-02 6.739450991153717041e-02
6.710680574178695679e-02 3.007346019148826599e-02 5.926800891757011414e-02 5.993556231260299683e-02
7.325796782970428467e-02 2.772432565689086914e-02 6.052779033780097961e-02 8.001477271318435669e-02
7.447975873947143555e-02 2.284023165702819824e-02 5.283006653189659119e-02 5.570016801357269287e-02
8.186680078506469727e-02 1.484268903732299805e-02 3.984971344470977783e-02 4.987442120909690857e-02
2.394792623817920685e-02 1.788570545613765717e-02 3.070696070790290833e-02 2.886697649955749512e-02
1.591612026095390320e-02 1.719586923718452454e-02 2.556795254349708557e-02 1.945516467094421387e-02
1.526247616857290268e-02 1.279783062636852264e-02 1.651437021791934967e-02 1.188220363110303879e-02
1.908650994300842285e-02 7.620773743838071823e-03 1.360761281102895737e-02 1.012284029275178909e-02
2.205060049891471863e-02 1.411368604749441147e-02 2.046955749392509460e-02 2.094118483364582062e-02
2.118125744163990021e-02 1.053074095398187637e-02 1.860370300710201263e-02 2.369173243641853333e-02
3.976203873753547668e-02 9.776704013347625732e-03 1.719169691205024719e-02 4.225554689764976501e-02
2.545626275241374969e-02 6.704088766127824783e-03 1.909130439162254333e-02 3.030622564256191254e-02
3.292578458786010742e-02 8.430334739387035370e-03 1.499548647552728653e-02 3.034397773444652557e-02
4.196967557072639465e-02 9.938342496752738953e-03 1.768744364380836487e-02 3.381552919745445251e-02
3.309654444456100464e-02 9.731709957122802734e-03 2.388481050729751587e-02 2.545183338224887848e-02
1.605847477912902832e-02 1.245785783976316452e-02 3.377596661448478699e-02 2.217028848826885223e-02
5.961842462420463562e-02 1.465594023466110229e-02 3.645507246255874634e-02 3.407678753137588501e-02
6.088931858539581299e-02 1.521115470677614212e-02 5.246141180396080017e-02 3.476352617144584656e-02
7.506571710109710693e-02 2.476776391267776489e-02 5.987783893942832947e-02 3.766787052154541016e-02
3.797189146280288696e-02 3.484628722071647644e-02 7.282295078039169312e-02 2.543041668832302094e-02
2.212467975914478302e-02 3.925049677491188049e-02 7.990937680006027222e-02 2.869929373264312744e-02
3.197454288601875305e-02 4.945339262485504150e-02 9.562292695045471191e-02 4.473393037915229797e-02
1.051399037241935730e-01 6.866786628961563110e-02 1.194081157445907593e-01 7.157153636217117310e-02
8.354967832565307617e-02 6.177359819412231445e-02 1.080748885869979858e-01 7.076969742774963379e-02
6.739218533039093018e-02 7.143498212099075317e-02 1.168393939733505249e-01 6.062307581305503845e-02
5.603029206395149231e-02 7.306051254272460938e-02 1.096952259540557861e-01 5.248919874429702759e-02
6.085693091154098511e-02 7.175670564174652100e-02 9.922827035188674927e-02 4.846058040857315063e-02
5.838564783334732056e-02 6.400629878044128418e-02 1.035634353756904602e-01 3.923095390200614929e-02
7.733005285263061523e-02 6.824450194835662842e-02 1.016188710927963257e-01 5.569878965616226196e-02
1.037917509675025940e-01 6.458116322755813599e-02 1.152023449540138245e-01 6.056078523397445679e-02
9.566354751586914062e-02 1.117792800068855286e-01 1.303858011960983276e-01 5.194272473454475403e-02
9.918840974569320679e-02 1.419591009616851807e-01 1.659407615661621094e-01 5.885066092014312744e-02
9.543427079916000366e-02 1.885585039854049683e-01 1.667131632566452026e-01 3.939583897590637207e-02
1.123898178339004517e-01 1.488763689994812012e-01 1.277363002300262451e-01 3.731967508792877197e-02
1.184931322932243347e-01 1.527503281831741333e-01 1.403635740280151367e-01 4.670027270913124084e-02
1.107878610491752625e-01 1.898707598447799683e-01 1.418738514184951782e-01 4.622391983866691589e-02
1.426211446523666382e-01 2.089477777481079102e-01 1.627384722232818604e-01 4.824297875165939331e-02
1.247348338365554810e-01 2.032187432050704956e-01 1.011980399489402771e-01 4.217814654111862183e-02
1.692280769348144531e-01 1.772602945566177368e-01 1.053242087364196777e-01 7.557717710733413696e-02
1.297446489334106445e-01 1.973634064197540283e-01 1.024907529354095459e-01 5.133779719471931458e-02
9.912090003490447998e-02 2.133911550045013428e-01 1.298242807388305664e-01 3.644816204905509949e-02
1.295971721410751343e-01 2.302210479974746704e-01 1.049974560737609863e-01 5.489231273531913757e-02
1.192474961280822754e-01 2.683056294918060303e-01 1.011375337839126587e-01 4.509278386831283569e-02
1.372168511152267456e-01 2.911729812622070312e-01 6.596606969833374023e-02 4.628690332174301147e-02
1.329764574766159058e-01 2.776532769203186035e-01 6.212246790528297424e-02 4.091964662075042725e-02
1.043358296155929565e-01 1.744525283575057983e-01 4.726423695683479309e-02 3.873844072222709656e-02
8.265355229377746582e-02 1.583151668310165405e-01 4.699990153312683105e-02 2.604307606816291809e-02
8.358051627874374390e-02 1.493121385574340820e-01 6.427574157714843750e-02 2.689271792769432068e-02
1.026814728975296021e-01 1.174208074808120728e-01 6.571228057146072388e-02 3.651271760463714600e-02
5.255221202969551086e-02 9.686713665723800659e-02 6.065442040562629700e-02 3.185345232486724854e-02
5.676849931478500366e-02 7.629445940256118774e-02 6.877639889717102051e-02 3.427669778466224670e-02
6.223949417471885681e-02 7.446012645959854126e-02 6.378809362649917603e-02 2.380195073783397675e-02
5.252874642610549927e-02 5.637207254767417908e-02 5.968536064028739929e-02 2.279238402843475342e-02
4.573111608624458313e-02 4.887964203953742981e-02 6.589011847972869873e-02 3.341778367757797241e-02
4.736463353037834167e-02 4.390265420079231262e-02 6.096256896853446960e-02 2.789425104856491089e-02
4.652467742562294006e-02 3.570787236094474792e-02 5.461983382701873779e-02 3.256911039352416992e-02
4.120473936200141907e-02 2.457515709102153778e-02 4.662279784679412842e-02 3.752347081899642944e-02
5.280425399541854858e-02 1.997810602188110352e-02 4.524587094783782959e-02 3.573103621602058411e-02
4.707757756114006042e-02 1.446318533271551132e-02 3.830879554152488708e-02 3.267150744795799255e-02
3.792865201830863953e-02 1.189759839326143265e-02 2.717709168791770935e-02 2.853222750127315521e-02
3.939082100987434387e-02 9.255639277398586273e-03 2.277061156928539276e-02 2.865898050367832184e-02
5.612476915121078491e-02 5.251577589660882950e-03 1.443103048950433731e-02 2.228629961609840393e-02
3.526968508958816528e-02 6.506155710667371750e-03 2.002660371363162994e-02 1.794466748833656311e-02
3.623504936695098877e-02 1.790732890367507935e-02 3.195463865995407104e-02 1.930201053619384766e-02
2.071852609515190125e-02 1.288429647684097290e-02 2.741513215005397797e-02 1.853142865002155304e-02
5.448519438505172729e-02 1.446164865046739578e-02 5.230874940752983093e-02 3.719549253582954407e-02
5.270852148532867432e-02 1.917444728314876556e-02 5.225366353988647461e-02 3.052666038274765015e-02
3.082307614386081696e-02 2.910573035478591919e-02 5.514279007911682129e-02 3.753530234098434448e-02
6.735295057296752930e-02 3.309356048703193665e-02 7.204574346542358398e-02 7.638604938983917236e-02
7.694643735885620117e-02 2.834811247885227203e-02 6.297195702791213989e-02 7.381194084882736206e-02
1.122850179672241211e-01 4.998537153005599976e-02 6.917188316583633423e-02 8.691944181919097900e-02
1.001712530851364136e-01 5.883580446243286133e-02 6.575723737478256226e-02 8.591604977846145630e-02
1.114595979452133179e-01 4.444269835948944092e-02 6.579849123954772949e-02 6.964801996946334839e-02
1.190263032913208008e-01 4.048218578100204468e-02 6.091150268912315369e-02 8.071611076593399048e-02
1.527591645717620850e-01 4.942646995186805725e-02 7.170964777469635010e-02 8.048600703477859497e-02
1.532832980155944824e-01 4.062746465206146240e-02 8.375202119350433350e-02 1.074589267373085022e-01
1.177439317107200623e-01 3.789243474602699280e-02 7.013254612684249878e-02 1.101604029536247253e-01
1.418626010417938232e-01 3.876188769936561584e-02 7.222758233547210693e-02 9.366209059953689575e-02
1.068810522556304932e-01 2.915600687265396118e-02 6.336375325918197632e-02 7.435753196477890015e-02
5.933994054794311523e-02 3.136696666479110718e-02 5.680691450834274292e-02 5.532024428248405457e-02
1.372343450784683228e-01 3.915163874626159668e-02 6.388042122125625610e-02 6.182279437780380249e-02
1.634241193532943726e-01 5.078194290399551392e-02 9.401760995388031006e-02 7.963688671588897705e-02
1.860054284334182739e-01 5.318280309438705444e-02 8.465313911437988281e-02 7.278796285390853882e-02
1.295850276947021484e-01 4.744466021656990051e-02 7.648970931768417358e-02 5.986924842000007629e-02
8.315176516771316528e-02 2.313427627086639404e-02 4.999440908432006836e-02 4.900036752223968506e-02
8.881348371505737305e-02 2.709176577627658844e-02 6.218760833144187927e-02 6.018058210611343384e-02
1.271293163299560547e-01 4.968993365764617920e-02 1.142184063792228699e-01 8.650319278240203857e-02
1.535602658987045288e-01 4.839807376265525818e-02 1.157378554344177246e-01 7.497880607843399048e-02
1.090217009186744690e-01 4.697525873780250549e-02 1.085346564650535583e-01 8.165309578180313110e-02
9.030161798000335693e-02 3.677931427955627441e-02 9.798770397901535034e-02 8.146759122610092163e-02
7.766339927911758423e-02 3.299687057733535767e-02 8.823284506797790527e-02 6.134295463562011719e-02
7.732334733009338379e-02 3.142902627587318420e-02 7.073955237865447998e-02 7.809167355298995972e-02
1.176146864891052246e-01 4.249237477779388428e-02 9.182445704936981201e-02 8.751580864191055298e-02
8.073474466800689697e-02 4.586910083889961243e-02 9.401261806488037109e-02 7.792189717292785645e-02
1.206556484103202820e-01 5.803737789392471313e-02 1.054213941097259521e-01 1.167227104306221008e-01
9.455958753824234009e-02 7.273188978433609009e-02 1.000232622027397156e-01 9.281384944915771484e-02
7.010842114686965942e-02 8.414700627326965332e-02 1.130262836813926697e-01 8.628521859645843506e-02
5.271435528993606567e-02 7.038016617298126221e-02 8.433943986892700195e-02 4.780390486121177673e-02
4.847706109285354614e-02 6.087090075016021729e-02 8.060050755739212036e-02 5.443038046360015869e-02
4.492811486124992371e-02 6.464825570583343506e-02 8.214629441499710083e-02 6.398810446262359619e-02
4.590668901801109314e-02 7.151631265878677368e-02 9.165268391370773315e-02 7.215182483196258545e-02
6.400275975465774536e-02 5.019699037075042725e-02 7.321859151124954224e-02 8.115422725677490234e-02
5.321614071726799011e-02 4.274518415331840515e-02 7.083338499069213867e-02 6.836363673210144043e-02
5.137455090880393982e-02 4.503601416945457458e-02 7.817446440458297729e-02 7.742167264223098755e-02
5.232115834951400757e-02 4.767891764640808105e-02 5.927214398980140686e-02 7.285398989915847778e-02
5.963366478681564331e-02 3.559907525777816772e-02 4.903041943907737732e-02 7.763759791851043701e-02
7.821132242679595947e-02 4.344408214092254639e-02 5.983927845954895020e-02 9.806365519762039185e-02
5.167198181152343750e-02 5.045848712325096130e-02 6.636614352464675903e-02 7.127574831247329712e-02
3.131151944398880005e-02 4.370985180139541626e-02 4.466594383120536804e-02 4.902810603380203247e-02
2.675520442426204681e-02 2.614045329391956329e-02 3.531360626220703125e-02 4.155881330370903015e-02
2.515052817761898041e-02 2.625221759080886841e-02 3.413595631718635559e-02 3.553230315446853638e-02
1.772497966885566711e-02 1.789474673569202423e-02 2.786530926823616028e-02 3.150832653045654297e-02
1.248366106301546097e-02 1.422340888530015945e-02 2.612223289906978607e-02 3.466853871941566467e-02
2.829687483608722687e-02 1.385662890970706940e-02 2.421697229146957397e-02 4.636907577514648438e-02
1.654994860291481018e-02 1.626183092594146729e-02 2.471355162560939789e-02 2.390874736011028290e-02
1.577210612595081329e-02 1.546654384583234787e-02 2.627190388739109039e-02 2.769501507282257080e-02
1.421273499727249146e-02 1.477778982371091843e-02 2.128725312650203705e-02 3.667797148227691650e-02
1.058055739849805832e-02 1.529116183519363403e-02 1.878798194229602814e-02 3.228570148348808289e-02
1.378576643764972687e-02 1.665762625634670258e-02 1.733163371682167053e-02 3.311421722173690796e-02
1.226565334945917130e-02 1.559362839907407761e-02 1.737695932388305664e-02 2.871604822576045990e-02
1.384634431451559067e-02 1.671780459582805634e-02 2.408820018172264099e-02 3.347749635577201843e-02
1.604790799319744110e-02 1.134544797241687775e-02 2.110352367162704468e-02 3.979308158159255981e-02
3.468738123774528503e-02 7.177802734076976776e-03 1.715332455933094025e-02 3.593148663640022278e-02
1.482950989156961441e-02 4.195837769657373428e-03 9.143591858446598053e-03 2.107988111674785614e-02
8.257324807345867157e-03 3.480047453194856644e-03 6.802938878536224365e-03 1.252976711839437485e-02
9.488598443567752838e-03 4.826601129025220871e-03 6.186111830174922943e-03 1.119002234190702438e-02
1.110248919576406479e-02 5.004921928048133850e-03 7.551728282123804092e-03 9.654392488300800323e-03
9.621812961995601654e-03 3.575537586584687233e-03 8.430992253124713898e-03 9.664979763329029083e-03
9.072511456906795502e-03 6.159156560897827148e-03 9.701281785964965820e-03 1.052632462233304977e-02
6.997951306402683258e-03 4.100318532437086105e-03 7.348594721406698227e-03 8.123056963086128235e-03
1.023015659302473068e-02 1.216167770326137543e-02 1.638926751911640167e-02 1.022187434136867523e-02
1.585955545306205750e-02 1.580247655510902405e-02 1.967480964958667755e-02 1.621661148965358734e-02
1.417315192520618439e-02 1.683001033961772919e-02 2.928718924522399902e-02 1.865727454423904419e-02
1.394467800855636597e-02 1.587934233248233795e-02 2.707832679152488708e-02 2.456228993833065033e-02
1.085032150149345398e-02 8.342213928699493408e-03 2.669982612133026123e-02 2.799911610782146454e-02
1.213063951581716537e-02 1.175748649984598160e-02 2.170951850712299347e-02 1.768709532916545868e-02
7.458475884050130844e-03 1.524011045694351196e-02 2.933315187692642212e-02 1.168351899832487106e-02
9.176014922559261322e-03 1.196513418108224869e-02 1.865253970026969910e-02 1.141731627285480499e-02
1.906393282115459442e-02 1.526510622352361679e-02 3.850404918193817139e-02 3.431874141097068787e-02
2.804613299667835236e-02 2.087974548339843750e-02 4.542586579918861389e-02 4.205446317791938782e-02
2.599729225039482117e-02 2.322826161980628967e-02 5.920536443591117859e-02 5.071414634585380554e-02
2.713024429976940155e-02 1.629014872014522552e-02 4.457005485892295837e-02 3.646251931786537170e-02
2.439562231302261353e-02 1.117013860493898392e-02 4.011068493127822876e-02 3.165832161903381348e-02
3.112631104886531830e-02 1.205318327993154526e-02 2.430201508104801178e-02 1.815590634942054749e-02
4.658097773790359497e-02 1.562468707561492920e-02 4.116706922650337219e-02 2.733228728175163269e-02
4.786789789795875549e-02 2.188461460173130035e-02 5.027729272842407227e-02 2.172024548053741455e-02
8.323723822832107544e-02 2.145015820860862732e-02 4.262960329651832581e-02 2.729255519807338715e-02
6.083390861749649048e-02 1.549279224127531052e-02 3.617488965392112732e-02 2.723223716020584106e-02
1.769469492137432098e-02 1.664969138801097870e-02 4.016933962702751160e-02 1.252057217061519623e-02
9.575471282005310059e-03 1.595586538314819336e-02 3.028519079089164734e-02 8.543837815523147583e-03
2.779560908675193787e-02 1.570894196629524231e-02 3.189481422305107117e-02 1.681253500282764435e-02
3.110015019774436951e-02 1.893163472414016724e-02 3.064104728400707245e-02 1.473350729793310165e-02
1.804486848413944244e-02 1.587185449898242950e-02 2.488400600850582123e-02 1.123759709298610687e-02
1.656588166952133179e-02 1.465445291250944138e-02 2.201202325522899628e-02 1.866339705884456635e-02
1.214877795428037643e-02 8.888023905456066132e-03 1.520344894379377365e-02 1.410733815282583237e-02
9.469508193433284760e-03 7.266570813953876495e-03 9.342896752059459686e-03 1.005674898624420166e-02
8.631466887891292572e-03 5.621467716991901398e-03 7.776679471135139465e-03 7.784641813486814499e-03
9.466512128710746765e-03 6.842397153377532959e-03 8.581687696278095245e-03 6.760894786566495895e-03
1.337728276848793030e-02 9.172629565000534058e-03 1.158914435654878616e-02 1.158072985708713531e-02
1.357440929859876633e-02 8.950779214501380920e-03 1.003260537981987000e-02 9.748414158821105957e-03
8.894890546798706055e-03 1.400838699191808701e-02 8.085985668003559113e-03 1.371345482766628265e-02
4.754813853651285172e-03 1.451827492564916611e-02 9.645420126616954803e-03 1.484525483101606369e-02
2.383188111707568169e-03 1.850538142025470734e-02 7.712451741099357605e-03 6.958794780075550079e-03
1.909681479446589947e-03 1.490486506372690201e-02 8.151358924806118011e-03 4.998761229217052460e-03
3.393749939277768135e-03 1.283596642315387726e-02 8.408173918724060059e-03 6.911161821335554123e-03
3.620419185608625412e-03 1.602131314575672150e-02 1.221361383795738220e-02 7.772195618599653244e-03
3.526364453136920929e-03 2.075639739632606506e-02 1.165127009153366089e-02 1.071899011731147766e-02
3.638086142018437386e-03 2.055915817618370056e-02 1.051325537264347076e-02 1.291219238191843033e-02
6.202429533004760742e-03 2.745880186557769775e-02 1.032151095569133759e-02 9.384004399180412292e-03
5.544077605009078979e-03 2.163025736808776855e-02 1.000538654625415802e-02 1.355612836778163910e-02
6.115632597357034683e-03 1.794849149882793427e-02 8.141437545418739319e-03 1.197799295186996460e-02
8.274144493043422699e-03 2.461608126759529114e-02 7.252670358866453171e-03 2.162994444370269775e-02
8.223149925470352173e-03 1.938099414110183716e-02 8.748224936425685883e-03 1.736451499164104462e-02
1.301003992557525635e-02 1.983761973679065704e-02 6.761157419532537460e-03 1.772297918796539307e-02
1.317873224616050720e-02 1.934371143579483032e-02 6.731298752129077911e-03 1.984454691410064697e-02
9.425964206457138062e-03 2.187713421881198883e-02 6.187777500599622726e-03 1.962883025407791138e-02
8.926565758883953094e-03 1.750394701957702637e-02 5.364998243749141693e-03 1.316964440047740936e-02
7.026212289929389954e-03 1.525466609746217728e-02 5.488126538693904877e-03 1.026054099202156067e-02
7.123566698282957077e-03 1.256597228348255157e-02 6.678224541246891022e-03 8.305737748742103577e-03
1.015320699661970139e-02 1.759728975594043732e-02 7.348048500716686249e-03 1.350084133446216583e-02
1.074962969869375229e-02 1.386570837348699570e-02 6.426169071346521378e-03 7.906071841716766357e-03
9.663154371082782745e-03 8.551503531634807587e-03 8.927372284233570099e-03 1.436575129628181458e-02
1.304590236395597458e-02 1.216819323599338531e-02 1.010517682880163193e-02 2.680992148816585541e-02
1.197349652647972107e-02 8.984168060123920441e-03 1.040492113679647446e-02 2.085702493786811829e-02
2.018948271870613098e-02 7.889752276241779327e-03 1.238803658634424210e-02 1.761423051357269287e-02
2.515173144638538361e-02 9.053771384060382843e-03 1.432426646351814270e-02 2.554843388497829437e-02
4.671484977006912231e-02 8.951870724558830261e-03 1.816800236701965332e-02 4.859553277492523193e-02
5.445287749171257019e-02 1.257384940981864929e-02 2.059302292764186859e-02 6.168659776449203491e-02
7.111801207065582275e-02 8.172732777893543243e-03 2.197157405316829681e-02 6.887460500001907349e-02
7.673311233520507812e-02 8.677450008690357208e-03 1.934261620044708252e-02 7.899311184883117676e-02
5.505226552486419678e-02 1.316484250128269196e-02 2.396560460329055786e-02 3.831328451633453369e-02
5.450925976037979126e-02 1.115296594798564911e-02 1.794574409723281860e-02 2.608999051153659821e-02
5.205915123224258423e-02 1.093463506549596786e-02 2.731312625110149384e-02 3.318789973855018616e-02
6.688649952411651611e-02 1.167906541377305984e-02 2.520775422453880310e-02 3.395150974392890930e-02
6.894165277481079102e-02 1.264524087309837341e-02 2.947649545967578888e-02 3.592934831976890564e-02
8.005539327859878540e-02 1.367239467799663544e-02 2.918468229472637177e-02 5.013908445835113525e-02
6.886582821607589722e-02 1.504216995090246201e-02 3.502139076590538025e-02 6.453707069158554077e-02
6.713082641363143921e-02 2.114603295922279358e-02 3.900585696101188660e-02 6.565696001052856445e-02
6.909323483705520630e-02 1.767458952963352203e-02 4.018831625580787659e-02 7.339090108871459961e-02
6.547654420137405396e-02 1.968692988157272339e-02 4.387651383876800537e-02 7.724821567535400391e-02
7.755781710147857666e-02 2.467487752437591553e-02 4.863252863287925720e-02 8.581180870532989502e-02
6.536785513162612915e-02 2.083991654217243195e-02 3.069863095879554749e-02 6.097266823053359985e-02
1.006515920162200928e-01 2.063462883234024048e-02 5.310567468404769897e-02 9.303432703018188477e-02
1.027814671397209167e-01 2.812468446791172028e-02 5.560842156410217285e-02 1.143881604075431824e-01
1.401728838682174683e-01 4.359574615955352783e-02 6.907269358634948730e-02 1.405404657125473022e-01
1.707543730735778809e-01 4.201756790280342102e-02 7.561379671096801758e-02 1.625536829233169556e-01
1.448582410812377930e-01 3.549465537071228027e-02 6.408976763486862183e-02 1.479037851095199585e-01
1.446015089750289917e-01 3.748086094856262207e-02 6.338250637054443359e-02 1.323655098676681519e-01
1.340852528810501099e-01 3.527706861495971680e-02 6.380223482847213745e-02 1.087527722120285034e-01
1.293122470378875732e-01 3.293554857373237610e-02 6.867321580648422241e-02 1.021196618676185608e-01
1.286093741655349731e-01 3.517078235745429993e-02 5.552667751908302307e-02 9.898044914007186890e-02
3.680987656116485596e-02 2.619727328419685364e-02 4.010748118162155151e-02 6.493674218654632568e-02
1.273921430110931396e-01 3.611868992447853088e-02 4.518363252282142639e-02 1.072078496217727661e-01
1.578661054372787476e-01 4.281902685761451721e-02 5.779554694890975952e-02 1.261323243379592896e-01
1.841526180505752563e-01 4.892028123140335083e-02 6.302242726087570190e-02 1.323118358850479126e-01
1.933212727308273315e-01 5.947725474834442139e-02 6.834246963262557983e-02 1.228597164154052734e-01
1.590936183929443359e-01 5.922745168209075928e-02 7.006194442510604858e-02 1.137881800532341003e-01
1.299730539321899414e-01 7.047279179096221924e-02 7.469020038843154907e-02 1.274377703666687012e-01
1.434272825717926025e-01 8.737460523843765259e-02 9.393084794282913208e-02 1.153364628553390503e-01
1.146350651979446411e-01 7.220170646905899048e-02 1.020060852169990540e-01 1.172837764024734497e-01
1.228212863206863403e-01 5.583728104829788208e-02 8.877137303352355957e-02 1.216924041509628296e-01
1.195349395275115967e-01 4.293721541762351990e-02 7.613646984100341797e-02 8.723295480012893677e-02
9.540937095880508423e-02 5.327404662966728210e-02 7.908170670270919800e-02 9.957337379455566406e-02
8.802606910467147827e-02 5.321959033608436584e-02 8.571542799472808838e-02 8.378115296363830566e-02
1.169126853346824646e-01 5.120635405182838440e-02 9.427590668201446533e-02 1.040600091218948364e-01
1.642467677593231201e-01 6.489850580692291260e-02 1.316975802183151245e-01 1.759555041790008545e-01
8.734677731990814209e-02 6.017307192087173462e-02 1.320424824953079224e-01 9.220051020383834839e-02
1.245479583740234375e-01 8.512140065431594849e-02 1.611476689577102661e-01 1.042696312069892883e-01
1.780350506305694580e-01 9.128925949335098267e-02 1.751474440097808838e-01 1.145460680127143860e-01
1.888922750949859619e-01 1.007995232939720154e-01 1.874219775199890137e-01 1.282054334878921509e-01
1.816634088754653931e-01 1.023761108517646790e-01 1.794325411319732666e-01 1.316062211990356445e-01
2.636444568634033203e-01 8.568867295980453491e-02 1.698251366615295410e-01 2.267111539840698242e-01
3.439634442329406738e-01 9.970927983522415161e-02 2.027539163827896118e-01 2.594300806522369385e-01
4.425538182258605957e-01 1.188521906733512878e-01 2.286866307258605957e-01 3.169323801994323730e-01
4.994081258773803711e-01 1.493131220340728760e-01 2.546659111976623535e-01 3.819561600685119629e-01
4.664783775806427002e-01 1.400148719549179077e-01 2.736981809139251709e-01 3.996468484401702881e-01
5.172185897827148438e-01 1.626447439193725586e-01 2.530939579010009766e-01 4.054619371891021729e-01
5.485605597496032715e-01 2.450049221515655518e-01 3.374110758304595947e-01 4.361971914768218994e-01
5.431787967681884766e-01 2.919867038726806641e-01 3.450158834457397461e-01 4.150411784648895264e-01
5.719146132469177246e-01 3.091685771942138672e-01 3.706494569778442383e-01 4.277339577674865723e-01
5.654684305191040039e-01 2.985059618949890137e-01 3.601787090301513672e-01 4.406359791755676270e-01
5.625813007354736328e-01 3.099275529384613037e-01 3.796112835407257080e-01 4.281024634838104248e-01
5.220366120338439941e-01 3.144269883632659912e-01 3.669435083866119385e-01 4.015176296234130859e-01
5.016509890556335449e-01 3.061671555042266846e-01 3.718253076076507568e-01 4.035801291465759277e-01
4.980676472187042236e-01 3.283585309982299805e-01 3.519693911075592041e-01 3.966398835182189941e-01
4.428431987762451172e-01 2.656910717487335205e-01 3.223623633384704590e-01 3.751741647720336914e-01
3.188708424568176270e-01 1.752046048641204834e-01 2.427465617656707764e-01 3.493336141109466553e-01
2.643675804138183594e-01 1.653547137975692749e-01 2.469303905963897705e-01 2.547947466373443604e-01
1.945622861385345459e-01 7.739169150590896606e-02 1.147631332278251648e-01 1.444614976644515991e-01
1.575843244791030884e-01 6.535958498716354370e-02 9.270225465297698975e-02 1.035645902156829834e-01
3.754821792244911194e-02 5.851435288786888123e-02 7.840757071971893311e-02 6.391457468271255493e-02
3.635364025831222534e-02 3.631866723299026489e-02 5.134137347340583801e-02 7.427160441875457764e-02
2.653981186449527740e-02 4.151941090822219849e-02 5.594508349895477295e-02 6.234176456928253174e-02
1.801409572362899780e-02 3.672074899077415466e-02 3.540526703000068665e-02 5.721106007695198059e-02
1.962275244295597076e-02 3.205946460366249084e-02 3.322422131896018982e-02 2.534608542919158936e-02
2.329285629093647003e-02 3.283469378948211670e-02 2.374266460537910461e-02 3.547986969351768494e-02
1.820975728332996368e-02 2.591955102980136871e-02 2.769536897540092468e-02 3.712957352399826050e-02
1.370062027126550674e-02 1.782614924013614655e-02 2.120822854340076447e-02 2.276811935007572174e-02
1.455893740057945251e-02 1.684903725981712341e-02 1.875497028231620789e-02 1.767322421073913574e-02
1.362723018974065781e-02 2.135231532156467438e-02 1.748846285045146942e-02 1.354154665023088455e-02
1.433011144399642944e-02 2.067900821566581726e-02 1.739265583455562592e-02 1.321400236338376999e-02
2.622067742049694061e-02 2.419955283403396606e-02 2.272207103669643402e-02 1.514264941215515137e-02
2.898331359028816223e-02 3.266651928424835205e-02 2.912872098386287689e-02 2.579385414719581604e-02
4.398839920759201050e-02 3.182831406593322754e-02 3.974970430135726929e-02 3.127879276871681213e-02
3.843940049409866333e-02 4.390076547861099243e-02 3.330292552709579468e-02 3.543086722493171692e-02
5.598229169845581055e-02 4.458284005522727966e-02 4.506531730294227600e-02 4.714547842741012573e-02
6.818324327468872070e-02 5.310358852148056030e-02 5.437387526035308838e-02 8.587975054979324341e-02
6.837301701307296753e-02 5.736044421792030334e-02 6.822945922613143921e-02 9.169099479913711548e-02
6.345723569393157959e-02 3.050471842288970947e-02 4.970955103635787964e-02 6.377291679382324219e-02
7.039389759302139282e-02 3.848489001393318176e-02 4.741047322750091553e-02 5.247950181365013123e-02
6.809264421463012695e-02 3.076954744756221771e-02 4.037784412503242493e-02 4.058989882469177246e-02
6.330105662345886230e-02 3.060102649033069611e-02 3.845987096428871155e-02 3.664629533886909485e-02
8.193437010049819946e-02 3.455319628119468689e-02 5.080646276473999023e-02 5.606117099523544312e-02
1.217764616012573242e-01 3.704252466559410095e-02 5.393549427390098572e-02 6.280812621116638184e-02
7.532414793968200684e-02 3.569542989134788513e-02 5.866295099258422852e-02 4.441735520958900452e-02
5.699419602751731873e-02 3.088927641510963440e-02 4.856349900364875793e-02 3.166232630610466003e-02
6.041265279054641724e-02 4.063573479652404785e-02 6.128082051873207092e-02 3.835589438676834106e-02
5.756630375981330872e-02 4.322959855198860168e-02 6.536304950714111328e-02 4.831875488162040710e-02
3.318477049469947815e-02 3.829112648963928223e-02 5.322203785181045532e-02 4.694180935621261597e-02
3.535323217511177063e-02 3.086789324879646301e-02 5.626476183533668518e-02 4.202681034803390503e-02
3.769695386290550232e-02 3.724713250994682312e-02 4.029095545411109924e-02 2.497658692300319672e-02
3.245313465595245361e-02 3.331349790096282959e-02 6.763941794633865356e-02 4.396208003163337708e-02
4.493355751037597656e-02 3.845111653208732605e-02 5.925317481160163879e-02 3.753989562392234802e-02
6.010550260543823242e-02 3.485653549432754517e-02 4.924751445651054382e-02 4.396906495094299316e-02
5.938114225864410400e-02 3.027137182652950287e-02 6.147296354174613953e-02 4.618613421916961670e-02
4.704178124666213989e-02 2.554948441684246063e-02 5.216088891029357910e-02 4.307027533650398254e-02
4.421045631170272827e-02 2.216304466128349304e-02 3.972374275326728821e-02 4.237802699208259583e-02
3.402271866798400879e-02 2.636073157191276550e-02 4.503950104117393494e-02 4.869678989052772522e-02
4.240859299898147583e-02 2.772380411624908447e-02 4.652371630072593689e-02 4.860247671604156494e-02
4.326317831873893738e-02 2.570528723299503326e-02 5.128705501556396484e-02 4.103169962763786316e-02
4.288463294506072998e-02 4.521526396274566650e-02 4.564158618450164795e-02 4.755340144038200378e-02
4.677562043070793152e-02 4.272799938917160034e-02 5.786821991205215454e-02 4.823300614953041077e-02
4.144659265875816345e-02 4.448670521378517151e-02 5.865477398037910461e-02 4.643073678016662598e-02
5.413721501827239990e-02 4.271481558680534363e-02 6.360702961683273315e-02 6.289145350456237793e-02
9.951825439929962158e-02 4.414248093962669373e-02 6.182839348912239075e-02 7.613405585289001465e-02
4.320363327860832214e-02 3.967369720339775085e-02 6.022085994482040405e-02 4.056208208203315735e-02
4.232091829180717468e-02 3.340019285678863525e-02 6.404989212751388550e-02 3.628740459680557251e-02
4.740083590149879456e-02 3.765399008989334106e-02 5.460801348090171814e-02 4.415976628661155701e-02
4.520880058407783508e-02 3.993148356676101685e-02 5.431920289993286133e-02 4.284296557307243347e-02
4.883602261543273926e-02 3.683882206678390503e-02 4.965893924236297607e-02 3.933549299836158752e-02
3.793595358729362488e-02 2.840650640428066254e-02 4.175826907157897949e-02 2.683281712234020233e-02
3.257112205028533936e-02 2.616285905241966248e-02 4.007858037948608398e-02 2.216161787509918213e-02
2.374142594635486603e-02 2.909021079540252686e-02 3.386862576007843018e-02 2.976037561893463135e-02
3.400424867868423462e-02 1.724676229059696198e-02 3.320755809545516968e-02 2.464809641242027283e-02
2.909161150455474854e-02 1.269917283207178116e-02 2.184778638184070587e-02 2.110638655722141266e-02
4.142921417951583862e-02 9.449630044400691986e-03 2.263583987951278687e-02 2.371535263955593109e-02
4.944698140025138855e-02 7.874541915953159332e-03 2.046704851090908051e-02 2.654108032584190369e-02
5.407467857003211975e-02 1.404033321887254715e-02 1.937190257012844086e-02 2.106294408440589905e-02
5.079027637839317322e-02 2.223726920783519745e-02 2.646843530237674713e-02 2.185471728444099426e-02
4.843829944729804993e-02 3.710027784109115601e-02 3.704888746142387390e-02 3.026090376079082489e-02
4.759782552719116211e-02 3.921432420611381531e-02 3.777260705828666687e-02 2.337457984685897827e-02
6.750563532114028931e-02 3.511824086308479309e-02 3.769678995013237000e-02 2.299218438565731049e-02
1.452701985836029053e-01 3.418033197522163391e-02 4.916778206825256348e-02 1.100733801722526550e-01
1.192506402730941772e-01 3.751354292035102844e-02 5.182425677776336670e-02 7.088951766490936279e-02
4.924858734011650085e-02 4.271170869469642639e-02 4.234848544001579285e-02 2.297644317150115967e-02
7.146012783050537109e-02 2.692599408328533173e-02 3.744987770915031433e-02 2.797436714172363281e-02
7.672253251075744629e-02 3.804552555084228516e-02 4.879663512110710144e-02 6.247808039188385010e-02
1.202687397599220276e-01 3.338999301195144653e-02 4.109787940979003906e-02 7.849166542291641235e-02
1.008871421217918396e-01 2.927854843437671661e-02 6.406415998935699463e-02 1.061995700001716614e-01
1.178774461150169373e-01 4.273614287376403809e-02 1.002054885029792786e-01 1.576813906431198120e-01
1.428870409727096558e-01 2.690922655165195465e-02 7.142772525548934937e-02 1.172182336449623108e-01
1.257096976041793823e-01 3.183240070939064026e-02 7.221910357475280762e-02 9.653600305318832397e-02
1.184914186596870422e-01 3.066098876297473907e-02 6.869541108608245850e-02 1.083935573697090149e-01
1.480107307434082031e-01 3.177034109830856323e-02 6.915634870529174805e-02 1.131558716297149658e-01
1.429433673620223999e-01 3.160471841692924500e-02 6.799332797527313232e-02 1.246781125664710999e-01
7.250921428203582764e-02 2.640767022967338562e-02 4.079734161496162415e-02 7.309758663177490234e-02
1.012464761734008789e-01 3.272182494401931763e-02 4.839094728231430054e-02 7.363672554492950439e-02
9.491316229104995728e-02 3.189079463481903076e-02 4.336842894554138184e-02 8.525532484054565430e-02
1.146418154239654541e-01 3.514897823333740234e-02 4.042808338999748230e-02 7.657156884670257568e-02
1.031023412942886353e-01 3.360449150204658508e-02 3.003401309251785278e-02 7.511532306671142578e-02
8.336731791496276855e-02 2.407899871468544006e-02 1.817427761852741241e-02 5.968549475073814392e-02
7.763715088367462158e-02 1.153590064495801926e-02 1.424224115908145905e-02 4.856452345848083496e-02
5.789996683597564697e-02 1.070843264460563660e-02 1.281554251909255981e-02 4.417446255683898926e-02
7.748577743768692017e-02 1.802823878824710846e-02 1.755608804523944855e-02 7.160039246082305908e-02
6.945418566465377808e-02 1.937203854322433472e-02 1.835265196859836578e-02 7.675217837095260620e-02
6.591442227363586426e-02 2.412403374910354614e-02 2.254157327115535736e-02 5.576059222221374512e-02
7.488118857145309448e-02 2.355474233627319336e-02 3.561363369226455688e-02 8.993254601955413818e-02
1.434686928987503052e-01 1.859468407928943634e-02 3.017538413405418396e-02 1.336587518453598022e-01
1.388869732618331909e-01 2.369799837470054626e-02 3.751738369464874268e-02 1.289779990911483765e-01
1.308558732271194458e-01 2.096278220415115356e-02 4.845537990331649780e-02 1.103743389248847961e-01
8.770595490932464600e-02 1.820676960051059723e-02 4.434402287006378174e-02 6.442562490701675415e-02
8.334167301654815674e-02 1.092118863016366959e-02 3.658464923501014709e-02 5.144560337066650391e-02
7.540091872215270996e-02 1.924773305654525757e-02 4.014596715569496155e-02 5.461856350302696228e-02
8.449754863977432251e-02 2.482749521732330322e-02 4.864744469523429871e-02 5.615460872650146484e-02
5.928045138716697693e-02 2.393867075443267822e-02 4.248949140310287476e-02 2.513583004474639893e-02
5.268147960305213928e-02 1.849342510104179382e-02 4.311252012848854065e-02 2.674112655222415924e-02
6.649176776409149170e-02 2.398653142154216766e-02 4.262290894985198975e-02 4.014971852302551270e-02
5.652451887726783752e-02 2.626887895166873932e-02 3.091807290911674500e-02 2.426617778837680817e-02
3.596778586506843567e-02 2.751673571765422821e-02 3.183397278189659119e-02 1.211581472307443619e-02
3.029092587530612946e-02 2.436629682779312134e-02 4.051722586154937744e-02 1.627394184470176697e-02
2.100483700633049011e-02 3.430691361427307129e-02 4.561871290206909180e-02 1.814367435872554779e-02
3.375658020377159119e-02 2.227068319916725159e-02 3.211696445941925049e-02 1.739602163434028625e-02
5.651040747761726379e-02 3.031921759247779846e-02 4.504685476422309875e-02 3.252676874399185181e-02
5.163182690739631653e-02 3.597478941082954407e-02 6.375116109848022461e-02 4.946131631731987000e-02
5.591960251331329346e-02 3.619258478283882141e-02 5.802121758460998535e-02 4.526007920503616333e-02
4.093058407306671143e-02 3.205515071749687195e-02 5.195459350943565369e-02 2.649571932852268219e-02
5.078867822885513306e-02 2.238843403756618500e-02 4.225740209221839905e-02 3.411956131458282471e-02
4.199843481183052063e-02 2.921009063720703125e-02 5.375805497169494629e-02 3.396434709429740906e-02
3.827209770679473877e-02 3.632091358304023743e-02 6.676708906888961792e-02 4.321468248963356018e-02
4.730339720845222473e-02 5.924978852272033691e-02 7.642877101898193359e-02 4.370375350117683411e-02
3.947819769382476807e-02 5.969068780541419983e-02 7.757033407688140869e-02 3.866063803434371948e-02
4.012418165802955627e-02 3.545152768492698669e-02 8.709891140460968018e-02 2.437028661370277405e-02
4.083354771137237549e-02 5.513604357838630676e-02 9.499564766883850098e-02 2.978968247771263123e-02
3.914657980203628540e-02 5.119108781218528748e-02 7.854020595550537109e-02 2.311605587601661682e-02
3.832099959254264832e-02 4.623411595821380615e-02 7.339254021644592285e-02 3.164176270365715027e-02
4.827979579567909241e-02 4.312477633357048035e-02 6.927445530891418457e-02 4.153457283973693848e-02
4.695480316877365112e-02 4.513083398342132568e-02 9.077288955450057983e-02 3.174399957060813904e-02
3.492694720625877380e-02 4.222853109240531921e-02 9.936476498842239380e-02 4.109584167599678040e-02
3.954220190644264221e-02 4.295996204018592834e-02 9.435795992612838745e-02 6.734282523393630981e-02
3.550174832344055176e-02 4.131468757987022400e-02 9.344501048326492310e-02 3.961364179849624634e-02
3.081188164651393890e-02 3.095787204802036285e-02 6.797198206186294556e-02 4.040199890732765198e-02
4.767475277185440063e-02 3.043736889958381653e-02 7.293263822793960571e-02 3.100107982754707336e-02
3.700421378016471863e-02 3.749583289027214050e-02 6.509803980588912964e-02 3.323518857359886169e-02
2.670418843626976013e-02 5.001520365476608276e-02 8.970029652118682861e-02 2.879443205893039703e-02
3.755629062652587891e-02 5.521832779049873352e-02 1.038781255483627319e-01 2.217229455709457397e-02
4.805932193994522095e-02 4.990918561816215515e-02 8.914030343294143677e-02 2.398284897208213806e-02
3.682095184922218323e-02 6.210481747984886169e-02 8.527075499296188354e-02 1.659390889108181000e-02
4.755528271198272705e-02 8.230534195899963379e-02 1.105227097868919373e-01 2.425345033407211304e-02
4.624132812023162842e-02 7.600437104701995850e-02 9.968670457601547241e-02 3.057371079921722412e-02
7.240454852581024170e-02 8.113485574722290039e-02 1.072114109992980957e-01 3.205369412899017334e-02
7.800697535276412964e-02 6.077783927321434021e-02 9.274952858686447144e-02 4.895763471722602844e-02
4.986840113997459412e-02 5.865824967622756958e-02 9.248983114957809448e-02 6.029490008950233459e-02
4.427602514624595642e-02 7.584825158119201660e-02 8.400769531726837158e-02 4.524115473031997681e-02
6.922090053558349609e-02 7.996852695941925049e-02 1.002520620822906494e-01 4.642463475465774536e-02
1.052491962909698486e-01 7.680610567331314087e-02 1.180791184306144714e-01 6.661025434732437134e-02
1.060425192117691040e-01 9.188585728406906128e-02 1.185821667313575745e-01 7.999005168676376343e-02
1.878759115934371948e-01 1.077077910304069519e-01 1.550395041704177856e-01 1.190857663750648499e-01
1.801188290119171143e-01 1.148446649312973022e-01 1.556958109140396118e-01 1.166479811072349548e-01
1.413971185684204102e-01 9.928680211305618286e-02 1.527251005172729492e-01 9.275645017623901367e-02
1.256662011146545410e-01 1.206783279776573181e-01 1.470775604248046875e-01 8.742123097181320190e-02
1.108793541789054871e-01 1.192590072751045227e-01 1.415945142507553101e-01 7.341478765010833740e-02
1.022854000329971313e-01 1.303989440202713013e-01 1.698939055204391479e-01 9.066481888294219971e-02
1.117675602436065674e-01 1.356767863035202026e-01 1.599853038787841797e-01 7.683242112398147583e-02
9.386926144361495972e-02 1.614145040512084961e-01 2.270844131708145142e-01 1.115776896476745605e-01
1.070813983678817749e-01 1.507798731327056885e-01 2.069862931966781616e-01 1.035214141011238098e-01
8.182157576084136963e-02 1.181990429759025574e-01 1.829911768436431885e-01 7.527021318674087524e-02
5.281081423163414001e-02 1.118112877011299133e-01 1.582998931407928467e-01 4.491765052080154419e-02
5.636807903647422791e-02 9.892325103282928467e-02 1.359346657991409302e-01 4.193928837776184082e-02
3.657875210046768188e-02 8.099523931741714478e-02 1.101055368781089783e-01 2.927708439528942108e-02
6.651499867439270020e-02 9.773738682270050049e-02 1.173646599054336548e-01 6.515950709581375122e-02
4.094138741493225098e-02 6.868166476488113403e-02 7.859167456626892090e-02 5.168000608682632446e-02
3.757984936237335205e-02 5.819470435380935669e-02 7.087353616952896118e-02 3.229137137532234192e-02
5.295776948332786560e-02 4.767833277583122253e-02 6.942363828420639038e-02 5.528457090258598328e-02
7.154872268438339233e-02 7.191532105207443237e-02 9.984946250915527344e-02 4.327432066202163696e-02
1.124875620007514954e-01 6.674047559499740601e-02 1.036434769630432129e-01 6.009386852383613586e-02
1.146600618958473206e-01 8.384428173303604126e-02 1.215869337320327759e-01 6.318242847919464111e-02
1.688466519117355347e-01 1.042556241154670715e-01 1.668449044227600098e-01 9.594089537858963013e-02
1.595265567302703857e-01 1.215598061680793762e-01 1.785796284675598145e-01 1.258747577667236328e-01
1.922741085290908813e-01 1.180593594908714294e-01 1.778991520404815674e-01 1.412439644336700439e-01
2.492079138755798340e-01 1.384441107511520386e-01 2.534123659133911133e-01 2.180510461330413818e-01
2.325975745916366577e-01 1.342201828956604004e-01 2.520546317100524902e-01 2.327807247638702393e-01
2.479434162378311157e-01 1.431322693824768066e-01 2.424085140228271484e-01 2.125950902700424194e-01
3.263079822063446045e-01 1.571153998374938965e-01 2.395512908697128296e-01 2.362449169158935547e-01
3.775750994682312012e-01 2.250421941280364990e-01 3.751335144042968750e-01 4.266380965709686279e-01
4.902211427688598633e-01 3.175083696842193604e-01 4.332570731639862061e-01 4.525058269500732422e-01
5.149916410446166992e-01 3.352108597755432129e-01 4.792044162750244141e-01 4.797708392143249512e-01
5.176993608474731445e-01 3.606976568698883057e-01 4.857678115367889404e-01 5.011103153228759766e-01
5.276912450790405273e-01 4.095996320247650146e-01 5.119279623031616211e-01 5.167258977890014648e-01
5.652890801429748535e-01 4.565624594688415527e-01 5.409270524978637695e-01 5.268077850341796875e-01
5.817911028861999512e-01 4.646348357200622559e-01 5.441204905509948730e-01 5.557674169540405273e-01
5.839010477066040039e-01 4.935218691825866699e-01 5.549989342689514160e-01 5.612958073616027832e-01
5.873235464096069336e-01 4.933054447174072266e-01 5.581440329551696777e-01 5.717523694038391113e-01
5.957740545272827148e-01 4.812059402465820312e-01 5.651987791061401367e-01 5.468427538871765137e-01
6.161729097366333008e-01 5.008765459060668945e-01 5.750681161880493164e-01 5.442672967910766602e-01
6.148289442062377930e-01 4.944049417972564697e-01 5.758135318756103516e-01 5.424469113349914551e-01
5.817091464996337891e-01 4.468707144260406494e-01 5.574496388435363770e-01 5.269315242767333984e-01
5.468919873237609863e-01 3.998527228832244873e-01 5.285905599594116211e-01 4.964798092842102051e-01
4.894785284996032715e-01 3.556442856788635254e-01 4.660675525665283203e-01 4.534749090671539307e-01
4.093988835811614990e-01 2.674412727355957031e-01 4.032013416290283203e-01 4.417295157909393311e-01
3.809389472007751465e-01 2.027365416288375854e-01 3.461900651454925537e-01 3.610579967498779297e-01
3.592357933521270752e-01 1.778379231691360474e-01 2.737436592578887939e-01 3.032327294349670410e-01
3.079995214939117432e-01 1.549911946058273315e-01 2.486027628183364868e-01 2.009402364492416382e-01
3.208794593811035156e-01 1.552281826734542847e-01 2.505997717380523682e-01 2.353836297988891602e-01
3.060459792613983154e-01 1.224831044673919678e-01 2.271592020988464355e-01 2.058577388525009155e-01
2.654485702514648438e-01 1.229611113667488098e-01 2.216155230998992920e-01 2.585539817810058594e-01
2.434304654598236084e-01 1.194988563656806946e-01 2.026949822902679443e-01 2.580078840255737305e-01
2.090562880039215088e-01 8.743914961814880371e-02 1.482336521148681641e-01 2.166342586278915405e-01
1.803021132946014404e-01 8.702057600021362305e-02 1.457877159118652344e-01 1.764483153820037842e-01
1.702398508787155151e-01 6.222324073314666748e-02 1.044135838747024536e-01 1.608559638261795044e-01
1.503000557422637939e-01 4.884031042456626892e-02 9.635916352272033691e-02 1.567837297916412354e-01
1.360408812761306763e-01 3.771792352199554443e-02 7.602838426828384399e-02 1.164189428091049194e-01
1.486342251300811768e-01 2.467132546007633209e-02 6.299051642417907715e-02 9.603397548198699951e-02
1.711279451847076416e-01 2.870299667119979858e-02 7.297500967979431152e-02 1.155404523015022278e-01
1.822565495967864990e-01 2.733607217669487000e-02 6.885587424039840698e-02 1.125299632549285889e-01
1.599711477756500244e-01 3.606950119137763977e-02 7.134204357862472534e-02 1.510497480630874634e-01
1.785088628530502319e-01 1.617577299475669861e-02 6.768275052309036255e-02 1.290186345577239990e-01
1.291366219520568848e-01 2.257683314383029938e-02 5.311353877186775208e-02 1.330852806568145752e-01
1.385940462350845337e-01 2.098279446363449097e-02 5.103109031915664673e-02 1.135543212294578552e-01
1.821151226758956909e-01 3.884835168719291687e-02 7.621534168720245361e-02 1.122634634375572205e-01
8.802168816328048706e-02 2.971702255308628082e-02 5.716987326741218567e-02 7.546894252300262451e-02
6.487207859754562378e-02 1.368511933833360672e-02 4.079114645719528198e-02 7.271248102188110352e-02
9.160134196281433105e-02 2.976625598967075348e-02 6.534387171268463135e-02 1.270036697387695312e-01
6.853746622800827026e-02 1.785724237561225891e-02 4.432807490229606628e-02 5.893323570489883423e-02
4.521501436829566956e-02 1.168725267052650452e-02 3.984506055712699890e-02 5.524738878011703491e-02
4.097219556570053101e-02 1.323955040425062180e-02 3.029386140406131744e-02 5.780722200870513916e-02
2.519694156944751740e-02 9.163338690996170044e-03 3.254860639572143555e-02 5.172258988022804260e-02
3.131284192204475403e-02 1.153240446001291275e-02 3.321684524416923523e-02 5.795008316636085510e-02
8.957113325595855713e-02 1.389492861926555634e-02 3.418241813778877258e-02 1.028752550482749939e-01
6.156294420361518860e-02 1.476017292588949203e-02 3.430488333106040955e-02 1.037729233503341675e-01
7.359082251787185669e-02 1.328776590526103973e-02 3.677837550640106201e-02 1.218871399760246277e-01
4.567084088921546936e-02 1.285957079380750656e-02 3.023618832230567932e-02 1.003310829401016235e-01
4.180821403861045837e-02 1.001670956611633301e-02 2.037738077342510223e-02 7.777296006679534912e-02
4.532530531287193298e-02 9.820026345551013947e-03 1.490423548966646194e-02 9.522302448749542236e-02
4.613383859395980835e-02 1.211508922278881073e-02 1.216280646622180939e-02 9.761465340852737427e-02
4.295654222369194031e-02 1.167916413396596909e-02 1.566870696842670441e-02 1.120574846863746643e-01
3.717682138085365295e-02 1.203354168683290482e-02 1.375161018222570419e-02 8.766389638185501099e-02
5.233941599726676941e-02 1.751459389925003052e-02 3.178874775767326355e-02 1.258350610733032227e-01
5.412911996245384216e-02 1.465971395373344421e-02 3.281560167670249939e-02 1.006663963198661804e-01
5.557730048894882202e-02 1.255469396710395813e-02 3.886530548334121704e-02 7.941363751888275146e-02
5.220253765583038330e-02 1.115818414837121964e-02 3.130391240119934082e-02 7.445418089628219604e-02
5.196555331349372864e-02 1.024319604039192200e-02 2.940556220710277557e-02 5.405267328023910522e-02
5.805925279855728149e-02 8.581245318055152893e-03 3.192503377795219421e-02 4.076727107167243958e-02
6.363043189048767090e-02 8.459374308586120605e-03 2.368024177849292755e-02 4.094435274600982666e-02
7.670459896326065063e-02 9.617011062800884247e-03 3.988322243094444275e-02 5.017700046300888062e-02
7.037003338336944580e-02 8.495097979903221130e-03 4.487668350338935852e-02 5.696763843297958374e-02
7.612825185060501099e-02 1.705935969948768616e-02 4.976407811045646667e-02 7.527577131986618042e-02
1.400689929723739624e-01 1.747030764818191528e-02 6.310795247554779053e-02 8.876032382249832153e-02
1.180444657802581787e-01 1.368244923651218414e-02 4.608183726668357849e-02 9.548559039831161499e-02
1.079347729682922363e-01 1.819012686610221863e-02 4.688698425889015198e-02 1.090920791029930115e-01
1.372716128826141357e-01 1.761559210717678070e-02 4.712458699941635132e-02 8.516238629817962646e-02
2.122129350900650024e-01 2.354207262396812439e-02 4.621885344386100769e-02 1.075345724821090698e-01
1.418829411268234253e-01 4.662255570292472839e-02 5.408893898129463196e-02 6.268247961997985840e-02
2.051920592784881592e-01 5.452864244580268860e-02 6.219351664185523987e-02 7.745672762393951416e-02
3.018525540828704834e-01 7.628211379051208496e-02 8.433253318071365356e-02 1.291160285472869873e-01
2.764569818973541260e-01 8.623944222927093506e-02 7.349569350481033325e-02 1.061217859387397766e-01
3.003242015838623047e-01 9.316100180149078369e-02 8.622206002473831177e-02 1.252435594797134399e-01
2.095867693424224854e-01 1.265411525964736938e-01 9.668455272912979126e-02 9.616028517484664917e-02
2.638784646987915039e-01 1.579118669033050537e-01 9.889689832925796509e-02 1.289319843053817749e-01
3.314138650894165039e-01 1.873099952936172485e-01 1.197111904621124268e-01 2.061861604452133179e-01
3.593105673789978027e-01 1.669961661100387573e-01 1.053680703043937683e-01 1.558826863765716553e-01
2.951191961765289307e-01 1.345520168542861938e-01 7.990091294050216675e-02 1.173960044980049133e-01
2.824690341949462891e-01 1.208124160766601562e-01 2.818664163351058960e-02 9.867430478334426880e-02
2.448626011610031128e-01 7.586652040481567383e-02 2.863262407481670380e-02 8.649588376283645630e-02
2.323378026485443115e-01 1.041661947965621948e-01 2.903387509286403656e-02 7.524153590202331543e-02
2.386144250631332397e-01 8.731435239315032959e-02 2.550953254103660583e-02 6.293197721242904663e-02
1.783276200294494629e-01 1.149447485804557800e-01 5.051211267709732056e-02 6.784234941005706787e-02
1.905054748058319092e-01 1.011748835444450378e-01 6.547272205352783203e-02 9.444570541381835938e-02
2.112789452075958252e-01 9.754757583141326904e-02 6.891586631536483765e-02 8.758588135242462158e-02
2.486757636070251465e-01 1.007161214947700500e-01 6.673651188611984253e-02 1.021240353584289551e-01
2.534001171588897705e-01 8.204160630702972412e-02 5.307690799236297607e-02 8.072071522474288940e-02
1.843421459197998047e-01 1.020869165658950806e-01 6.795702874660491943e-02 7.259698212146759033e-02
1.930284947156906128e-01 9.224417805671691895e-02 6.872717291116714478e-02 7.429283857345581055e-02
2.424911260604858398e-01 8.453755825757980347e-02 8.601076155900955200e-02 7.452607154846191406e-02
2.187872380018234253e-01 8.124311268329620361e-02 6.439123302698135376e-02 8.626604825258255005e-02
2.068464607000350952e-01 7.572602480649948120e-02 8.277147263288497925e-02 7.097236812114715576e-02
1.971683949232101440e-01 6.657654047012329102e-02 6.717585772275924683e-02 5.307596176862716675e-02
1.624768972396850586e-01 5.146157741546630859e-02 7.211611419916152954e-02 3.967506065964698792e-02
1.045181974768638611e-01 1.475812122225761414e-02 3.006000630557537079e-02 4.176652431488037109e-02
1.310086846351623535e-01 5.349668674170970917e-03 1.776772737503051758e-02 3.941511362791061401e-02
1.037687584757804871e-01 6.061536842025816441e-04 8.037695661187171936e-03 8.038455620408058167e-03
